27.438760799999997	2023-04-19 20:09:46.345
29.52980928	2023-04-19 20:09:46.396
28.3870464	2023-04-19 20:09:46.452
26.756831159999997	2023-04-19 20:09:46.503
29.466918600000003	2023-04-19 20:09:46.554
26.4683976	2023-04-19 20:09:46.611
28.72618788	2023-04-19 20:09:46.661
29.908420559999996	2023-04-19 20:09:46.719
27.20514816	2023-04-19 20:09:46.771
29.93511024	2023-04-19 20:09:46.822
29.67876252	2023-04-19 20:09:46.873
28.365826320000004	2023-04-19 20:09:46.924
29.69981544	2023-04-19 20:09:46.975
29.583789	2023-04-19 20:09:47.026
27.92594196	2023-04-19 20:09:47.077
29.587366680000002	2023-04-19 20:09:47.128
30.23234592	2023-04-19 20:09:47.179
28.026618839999998	2023-04-19 20:09:47.230
29.8597356	2023-04-19 20:09:47.283
28.210425960000002	2023-04-19 20:09:47.537
26.88166644	2023-04-19 20:09:47.587
27.901818719999998	2023-04-19 20:09:47.639
28.10425188	2023-04-19 20:09:47.692
27.35444544	2023-04-19 20:09:47.760
29.724344159999998	2023-04-19 20:09:47.812
28.359383760000004	2023-04-19 20:09:47.890
27.8878146	2023-04-19 20:09:47.942
30.90566604	2023-04-19 20:09:48.086
27.72560532	2023-04-19 20:09:48.139
31.106410439999994	2023-04-19 20:09:48.189
33.46470672	2023-04-19 20:09:48.253
27.36625404	2023-04-19 20:09:48.314
30.31673028	2023-04-19 20:09:48.365
30.22202292	2023-04-19 20:09:48.429
29.64748848	2023-04-19 20:09:48.526
30.93660576	2023-04-19 20:09:48.577
71.4303426	2023-04-19 20:09:48.644
61.03804511999999	2023-04-19 20:09:48.709
67.38529068	2023-04-19 20:09:48.760
89.59517004	2023-04-19 20:09:48.824
95.4400446	2023-04-19 20:09:48.875
78.14989104	2023-04-19 20:09:48.926
90.6775398	2023-04-19 20:09:48.988
71.48783183999998	2023-04-19 20:09:49.038
32.3932386	2023-04-19 20:09:49.121
28.69824948	2023-04-19 20:09:49.181
32.65197816	2023-04-19 20:09:49.232
32.77819344	2023-04-19 20:09:49.299
27.556098960000003	2023-04-19 20:09:49.360
32.988114720000006	2023-04-19 20:09:49.411
32.452750200000004	2023-04-19 20:09:49.477
