102.12585372	2023-04-19 23:06:46.486
37.821606960000004	2023-04-19 23:06:46.550
37.362660479999995	2023-04-19 23:06:46.601
39.50374524	2023-04-19 23:06:46.652
39.44136432	2023-04-19 23:06:46.703
37.26758736	2023-04-19 23:06:46.754
37.028140799999996	2023-04-19 23:06:46.820
37.15550508	2023-04-19 23:06:46.887
39.90378731999999	2023-04-19 23:06:46.938
38.86490568	2023-04-19 23:06:46.995
36.593187	2023-04-19 23:06:47.047
39.369837239999995	2023-04-19 23:06:47.099
38.71399236	2023-04-19 23:06:47.150
36.986237880000004	2023-04-19 23:06:47.200
39.45981852	2023-04-19 23:06:47.252
39.38653896	2023-04-19 23:06:47.303
36.22604328	2023-04-19 23:06:47.353
39.33653484	2023-04-19 23:06:47.405
38.186591160000006	2023-04-19 23:06:47.456
37.99367676	2023-04-19 23:06:47.506
39.750071999999996	2023-04-19 23:06:47.691
36.426481079999995	2023-04-19 23:06:47.764
37.43708916	2023-04-19 23:06:47.815
36.642003120000005	2023-04-19 23:06:47.867
37.446403200000006	2023-04-19 23:06:47.919
38.51378916	2023-04-19 23:06:47.972
41.23467108	2023-04-19 23:06:48.026
40.52464548	2023-04-19 23:06:48.078
37.23462372	2023-04-19 23:06:48.135
37.432739399999996	2023-04-19 23:06:48.187
39.111333720000005	2023-04-19 23:06:48.351
38.884000799999995	2023-04-19 23:06:48.402
40.881021000000004	2023-04-19 23:06:48.452
39.86249088	2023-04-19 23:06:48.531
38.640747239999996	2023-04-19 23:06:48.583
41.106330840000005	2023-04-19 23:06:48.633
39.663026759999994	2023-04-19 23:06:48.721
40.391783880000006	2023-04-19 23:06:48.774
40.64097552	2023-04-19 23:06:48.847
79.58148696	2023-04-19 23:06:48.899
83.2923624	2023-04-19 23:06:48.961
93.53765831999999	2023-04-19 23:06:49.011
94.29944280000001	2023-04-19 23:06:49.070
90.72217104	2023-04-19 23:06:49.121
