34.132052879999996	2023-04-19 19:05:51.437
32.447050559999994	2023-04-19 19:05:51.488
33.027149040000005	2023-04-19 19:05:51.541
33.926012879999995	2023-04-19 19:05:51.593
33.10508784	2023-04-19 19:05:51.643
30.36399624	2023-04-19 19:05:51.700
32.38220436	2023-04-19 19:05:51.751
35.15889048	2023-04-19 19:05:51.804
31.926292800000006	2023-04-19 19:05:51.855
30.373336560000002	2023-04-19 19:05:51.913
33.62928168	2023-04-19 19:05:51.965
34.08198732	2023-04-19 19:05:52.016
31.083774359999996	2023-04-19 19:05:52.068
33.939914279999996	2023-04-19 19:05:52.118
34.08478836	2023-04-19 19:05:52.169
33.341022720000005	2023-04-19 19:05:52.220
32.82697956	2023-04-19 19:05:52.271
34.285768080000004	2023-04-19 19:05:52.322
31.95183492	2023-04-19 19:05:52.497
32.03861112	2023-04-19 19:05:52.574
31.717926120000005	2023-04-19 19:05:52.626
34.29133668	2023-04-19 19:05:52.693
31.2600252	2023-04-19 19:05:52.745
32.4223884	2023-04-19 19:05:52.814
33.64838052	2023-04-19 19:05:52.868
31.314276360000004	2023-04-19 19:05:52.931
34.14804708	2023-04-19 19:05:52.983
31.80088632	2023-04-19 19:05:53.110
33.498443879999996	2023-04-19 19:05:53.164
31.19797632	2023-04-19 19:05:53.216
34.62561648	2023-04-19 19:05:53.265
35.170433040000006	2023-04-19 19:05:53.317
32.03834052	2023-04-19 19:05:53.383
36.10370184	2023-04-19 19:05:53.434
34.59197904	2023-04-19 19:05:53.486
33.67523292	2023-04-19 19:05:53.572
33.46028652	2023-04-19 19:05:53.623
91.12376316	2023-04-19 19:05:53.674
