27.833933759999997	2023-04-19 20:04:51.542
24.23365716	2023-04-19 20:04:51.592
26.907577440000004	2023-04-19 20:04:51.643
24.628909439999997	2023-04-19 20:04:51.702
26.107161240000003	2023-04-19 20:04:51.753
25.20353844	2023-04-19 20:04:51.808
23.884868759999996	2023-04-19 20:04:51.860
25.77409272	2023-04-19 20:04:51.911
26.25820956	2023-04-19 20:04:51.965
24.513316319999998	2023-04-19 20:04:52.031
27.00575748	2023-04-19 20:04:52.082
26.101018559999996	2023-04-19 20:04:52.145
23.50247436	2023-04-19 20:04:52.197
26.917729439999995	2023-04-19 20:04:52.248
24.09634308	2023-04-19 20:04:52.307
26.495325	2023-04-19 20:04:52.357
27.717540720000002	2023-04-19 20:04:52.420
24.63508212	2023-04-19 20:04:52.470
27.06419124	2023-04-19 20:04:52.521
26.7531216	2023-04-19 20:04:52.708
25.33964112	2023-04-19 20:04:52.771
24.86807952	2023-04-19 20:04:52.822
24.312577920000003	2023-04-19 20:04:52.885
25.24730244	2023-04-19 20:04:52.952
25.30243284	2023-04-19 20:04:53.004
27.4570434	2023-04-19 20:04:53.068
25.47743112	2023-04-19 20:04:53.122
26.508246719999995	2023-04-19 20:04:53.174
29.353690320000002	2023-04-19 20:04:53.272
26.442389280000004	2023-04-19 20:04:53.325
24.00339276	2023-04-19 20:04:53.376
29.004461159999998	2023-04-19 20:04:53.426
28.29632604	2023-04-19 20:04:53.478
24.880694639999998	2023-04-19 20:04:53.546
28.14028188	2023-04-19 20:04:53.597
29.220256680000002	2023-04-19 20:04:53.649
26.400889680000002	2023-04-19 20:04:53.720
26.35200168	2023-04-19 20:04:53.770
25.763603279999998	2023-04-19 20:04:53.823
55.05470904	2023-04-19 20:04:53.881
77.58494124	2023-04-19 20:04:53.931
63.63497327999999	2023-04-19 20:04:53.982
80.84776584000001	2023-04-19 20:04:54.033
75.74841168	2023-04-19 20:04:54.084
82.89006336	2023-04-19 20:04:54.138
81.66171012	2023-04-19 20:04:54.189
85.78726284	2023-04-19 20:04:54.239
