79.73240028000001	2023-04-19 23:07:46.564
36.94977168	2023-04-19 23:07:46.615
36.3583308	2023-04-19 23:07:46.669
36.63879876	2023-04-19 23:07:46.720
37.649172119999996	2023-04-19 23:07:46.770
37.37845452	2023-04-19 23:07:46.822
34.68361548	2023-04-19 23:07:46.885
37.2068262	2023-04-19 23:07:46.936
37.23489288	2023-04-19 23:07:46.998
34.95011748	2023-04-19 23:07:47.048
37.38215879999999	2023-04-19 23:07:47.099
36.69625356	2023-04-19 23:07:47.159
36.3436236	2023-04-19 23:07:47.209
37.97899884	2023-04-19 23:07:47.276
35.514223320000006	2023-04-19 23:07:47.327
36.385456680000004	2023-04-19 23:07:47.377
37.03640772	2023-04-19 23:07:47.435
34.85865131999999	2023-04-19 23:07:47.487
35.63166636	2023-04-19 23:07:47.540
37.74245604	2023-04-19 23:07:47.594
39.05974956	2023-04-19 23:07:47.808
36.30786036	2023-04-19 23:07:47.860
36.84062388	2023-04-19 23:07:47.911
37.325347199999996	2023-04-19 23:07:47.962
36.147633	2023-04-19 23:07:48.015
37.38384912	2023-04-19 23:07:48.082
38.85039864	2023-04-19 23:07:48.132
37.109253960000004	2023-04-19 23:07:48.221
36.54962844	2023-04-19 23:07:48.273
39.346324919999994	2023-04-19 23:07:48.401
39.96400944	2023-04-19 23:07:48.451
39.483402119999994	2023-04-19 23:07:48.508
37.9646274	2023-04-19 23:07:48.575
38.9701722	2023-04-19 23:07:48.627
40.029359400000004	2023-04-19 23:07:48.694
38.476407720000005	2023-04-19 23:07:48.771
39.240045	2023-04-19 23:07:48.824
35.99422356	2023-04-19 23:07:48.874
36.03349692	2023-04-19 23:07:48.931
84.5347872	2023-04-19 23:07:48.982
89.75232347999999	2023-04-19 23:07:49.033
92.39010732	2023-04-19 23:07:49.089
107.23519439999998	2023-04-19 23:07:49.140
