38.9163228	2023-04-19 19:06:51.821
27.75198468	2023-04-19 19:06:51.877
31.720994759999996	2023-04-19 19:06:51.929
29.459125439999998	2023-04-19 19:06:51.980
29.205039839999998	2023-04-19 19:06:52.033
31.067816159999996	2023-04-19 19:06:52.084
31.85237532	2023-04-19 19:06:52.135
31.24339164	2023-04-19 19:06:52.186
32.02484388	2023-04-19 19:06:52.237
32.710248480000004	2023-04-19 19:06:52.288
31.591812000000004	2023-04-19 19:06:52.339
30.473242080000002	2023-04-19 19:06:52.402
30.40694172	2023-04-19 19:06:52.464
32.27036112	2023-04-19 19:06:52.518
28.75253808	2023-04-19 19:06:52.571
29.816279639999998	2023-04-19 19:06:52.622
31.960367160000004	2023-04-19 19:06:52.673
30.34625028	2023-04-19 19:06:52.724
30.419394240000003	2023-04-19 19:06:52.775
32.65514892	2023-04-19 19:06:52.960
31.919343599999998	2023-04-19 19:06:53.023
29.90224488	2023-04-19 19:06:53.081
29.393064839999997	2023-04-19 19:06:53.132
31.024323479999996	2023-04-19 19:06:53.198
30.35070276	2023-04-19 19:06:53.263
28.707763680000003	2023-04-19 19:06:53.316
32.2143216	2023-04-19 19:06:53.380
29.14943952	2023-04-19 19:06:53.435
28.636138319999997	2023-04-19 19:06:53.486
31.565728680000003	2023-04-19 19:06:53.623
28.31083224	2023-04-19 19:06:53.678
32.553731400000004	2023-04-19 19:06:53.729
33.138489119999996	2023-04-19 19:06:53.780
29.142386880000004	2023-04-19 19:06:53.839
30.545815559999998	2023-04-19 19:06:53.892
33.07259208	2023-04-19 19:06:53.943
29.955083039999998	2023-04-19 19:06:54.013
30.564741360000003	2023-04-19 19:06:54.066
47.5266828	2023-04-19 19:06:54.116
