70.99494888000001	2023-04-19 20:11:44.024
28.120852440000004	2023-04-19 20:11:44.075
29.95062696	2023-04-19 20:11:44.127
29.769116400000005	2023-04-19 20:11:44.178
29.342456520000002	2023-04-19 20:11:44.228
29.21678172	2023-04-19 20:11:44.280
28.706111639999996	2023-04-19 20:11:44.331
28.540458840000003	2023-04-19 20:11:44.381
29.144954880000004	2023-04-19 20:11:44.433
29.435476679999997	2023-04-19 20:11:44.484
29.30881992	2023-04-19 20:11:44.534
26.71843548	2023-04-19 20:11:44.608
29.626907640000002	2023-04-19 20:11:44.659
30.185313	2023-04-19 20:11:44.724
27.110988000000003	2023-04-19 20:11:44.775
28.0816098	2023-04-19 20:11:44.827
30.04270404	2023-04-19 20:11:44.881
28.51043136	2023-04-19 20:11:44.933
29.124877799999997	2023-04-19 20:11:44.983
30.29999172	2023-04-19 20:11:45.140
30.947065920000004	2023-04-19 20:11:45.214
28.11659868	2023-04-19 20:11:45.267
28.07540568	2023-04-19 20:11:45.318
27.710856839999998	2023-04-19 20:11:45.369
27.13635912	2023-04-19 20:11:45.420
29.8076424	2023-04-19 20:11:45.472
30.441220800000004	2023-04-19 20:11:45.524
27.44517036	2023-04-19 20:11:45.588
27.67958508	2023-04-19 20:11:45.649
31.58462076	2023-04-19 20:11:45.751
27.28781148	2023-04-19 20:11:45.855
30.53653452	2023-04-19 20:11:45.907
32.75393604	2023-04-19 20:11:45.958
27.227117040000003	2023-04-19 20:11:46.027
30.609173999999996	2023-04-19 20:11:46.077
31.07908356	2023-04-19 20:11:46.129
29.211585839999998	2023-04-19 20:11:46.183
30.819398040000003	2023-04-19 20:11:46.233
31.349669999999996	2023-04-19 20:11:46.297
28.56990996	2023-04-19 20:11:46.353
67.27810092	2023-04-19 20:11:46.414
66.27613308	2023-04-19 20:11:46.473
68.71735356	2023-04-19 20:11:46.524
74.66277156	2023-04-19 20:11:46.575
81.29213484	2023-04-19 20:11:46.626
93.81337332000001	2023-04-19 20:11:46.677
94.79105003999999	2023-04-19 20:11:46.729
78.17148372	2023-04-19 20:11:46.779
