35.35558644	2023-04-19 23:08:44.048
38.37373848	2023-04-19 23:08:44.099
38.42228844	2023-04-19 23:08:44.154
35.98285344000001	2023-04-19 23:08:44.206
40.19009208	2023-04-19 23:08:44.257
38.75515608	2023-04-19 23:08:44.309
37.52190444	2023-04-19 23:08:44.362
36.01946436	2023-04-19 23:08:44.420
39.1239834	2023-04-19 23:08:44.472
38.33568168000001	2023-04-19 23:08:44.528
36.0373722	2023-04-19 23:08:44.578
35.554269479999995	2023-04-19 23:08:44.642
38.31786972	2023-04-19 23:08:44.694
37.88597796	2023-04-19 23:08:44.754
35.81881739999999	2023-04-19 23:08:44.805
38.9775936	2023-04-19 23:08:44.857
39.146591640000004	2023-04-19 23:08:44.908
36.852702359999995	2023-04-19 23:08:44.958
40.25598024	2023-04-19 23:08:45.198
39.373079759999996	2023-04-19 23:08:45.249
37.50200052	2023-04-19 23:08:45.300
36.82824336	2023-04-19 23:08:45.368
36.393115800000004	2023-04-19 23:08:45.420
39.105427920000004	2023-04-19 23:08:45.473
38.802693479999995	2023-04-19 23:08:45.525
37.994756159999994	2023-04-19 23:08:45.576
37.86671724	2023-04-19 23:08:45.627
39.939680880000004	2023-04-19 23:08:45.747
38.574045840000004	2023-04-19 23:08:45.800
36.53444592	2023-04-19 23:08:45.855
40.50645588	2023-04-19 23:08:45.905
41.17765248	2023-04-19 23:08:45.956
36.48474912	2023-04-19 23:08:46.027
39.888127440000005	2023-04-19 23:08:46.078
39.194333639999996	2023-04-19 23:08:46.132
37.61856744	2023-04-19 23:08:46.186
37.95902292	2023-04-19 23:08:46.239
38.870171400000004	2023-04-19 23:08:46.300
83.69644908	2023-04-19 23:08:46.351
80.440977	2023-04-19 23:08:46.402
97.82337023999999	2023-04-19 23:08:46.454
101.71714451999999	2023-04-19 23:08:46.524
