47.497329840000006	2023-04-19 22:00:52.933
33.91518768	2023-04-19 22:00:52.997
33.77267388	2023-04-19 22:00:53.058
36.4879206	2023-04-19 22:00:53.110
35.67144648	2023-04-19 22:00:53.164
34.96313892	2023-04-19 22:00:53.214
37.147140719999996	2023-04-19 22:00:53.265
37.615833	2023-04-19 22:00:53.316
35.1988032	2023-04-19 22:00:53.367
38.35184076000001	2023-04-19 22:00:53.418
37.691479799999996	2023-04-19 22:00:53.472
36.835634039999995	2023-04-19 22:00:53.522
38.12387220000001	2023-04-19 22:00:53.574
37.99064028	2023-04-19 22:00:53.626
36.97679184	2023-04-19 22:00:53.678
36.652462560000004	2023-04-19 22:00:53.742
37.62430536	2023-04-19 22:00:53.806
38.22964392	2023-04-19 22:00:53.862
34.8836178	2023-04-19 22:00:53.925
35.42916804	2023-04-19 22:00:54.092
39.013389000000004	2023-04-19 22:00:54.153
37.232904239999996	2023-04-19 22:00:54.204
36.896867400000005	2023-04-19 22:00:54.261
36.668725800000004	2023-04-19 22:00:54.313
36.575033399999995	2023-04-19 22:00:54.365
38.152620240000005	2023-04-19 22:00:54.415
38.75474916	2023-04-19 22:00:54.479
37.06400808	2023-04-19 22:00:54.537
36.52766844	2023-04-19 22:00:54.589
39.63380952	2023-04-19 22:00:54.743
37.55405856	2023-04-19 22:00:54.795
39.97534656	2023-04-19 22:00:54.847
40.55871696	2023-04-19 22:00:54.898
37.28293836	2023-04-19 22:00:54.971
39.72496836	2023-04-19 22:00:55.022
37.85881908	2023-04-19 22:00:55.074
38.033015400000004	2023-04-19 22:00:55.129
39.53607084	2023-04-19 22:00:55.203
37.63166004	2023-04-19 22:00:55.256
35.38277904	2023-04-19 22:00:55.308
36.12101448000001	2023-04-19 22:00:55.367
38.216117280000006	2023-04-19 22:00:55.418
35.922159719999996	2023-04-19 22:00:55.481
77.718141	2023-04-19 22:00:55.532
64.75354236	2023-04-19 22:00:55.600
82.35938964	2023-04-19 22:00:55.652
86.96278464	2023-04-19 22:00:55.703
85.09670195999999	2023-04-19 22:00:55.755
70.06834968	2023-04-19 22:00:55.825
84.30576923999999	2023-04-19 22:00:55.876
96.03502488	2023-04-19 22:00:55.941
71.28448800000001	2023-04-19 22:00:55.991
97.67046684	2023-04-19 22:00:56.051
91.20790991999999	2023-04-19 22:00:56.104
68.98379039999999	2023-04-19 22:00:56.154
87.14547648000001	2023-04-19 22:00:56.206
76.68111527999999	2023-04-19 22:00:56.277
86.56254012000001	2023-04-19 22:00:56.328
89.93849184	2023-04-19 22:00:56.390
82.15891212	2023-04-19 22:00:56.440
89.21780532000001	2023-04-19 22:00:56.491
77.36101368000001	2023-04-19 22:00:56.553
85.77505092	2023-04-19 22:00:56.603
63.489460439999995	2023-04-19 22:00:56.665
76.6543926	2023-04-19 22:00:56.716
79.12824456	2023-04-19 22:00:56.766
81.0588324	2023-04-19 22:00:56.821
77.12609076	2023-04-19 22:00:56.891
79.6309806	2023-04-19 22:00:56.942
63.574988639999994	2023-04-19 22:00:57.004
74.324067	2023-04-19 22:00:57.055
