37.88905116	2023-04-19 23:09:44.320
38.92719	2023-04-19 23:09:44.371
39.491162280000005	2023-04-19 23:09:44.422
36.77550936	2023-04-19 23:09:44.473
36.006636359999995	2023-04-19 23:09:44.531
38.829922079999996	2023-04-19 23:09:44.583
39.33673872	2023-04-19 23:09:44.639
35.835852	2023-04-19 23:09:44.689
37.70426124	2023-04-19 23:09:44.741
38.1805182	2023-04-19 23:09:44.792
36.32509884	2023-04-19 23:09:44.842
37.277238	2023-04-19 23:09:44.906
39.21298728	2023-04-19 23:09:44.958
39.46403112	2023-04-19 23:09:45.019
36.28008984	2023-04-19 23:09:45.069
37.38186048	2023-04-19 23:09:45.136
39.36912888	2023-04-19 23:09:45.187
37.90682784	2023-04-19 23:09:45.250
37.74572868	2023-04-19 23:09:45.445
36.49108896	2023-04-19 23:09:45.511
36.801012480000004	2023-04-19 23:09:45.575
37.48833828000001	2023-04-19 23:09:45.628
37.26360492	2023-04-19 23:09:45.697
38.699150280000005	2023-04-19 23:09:45.751
40.40797668	2023-04-19 23:09:45.816
37.37889	2023-04-19 23:09:45.885
39.377598119999995	2023-04-19 23:09:45.937
39.980643	2023-04-19 23:09:46.072
39.163662239999994	2023-04-19 23:09:46.123
40.932846600000005	2023-04-19 23:09:46.175
38.63825196	2023-04-19 23:09:46.239
38.05389972	2023-04-19 23:09:46.291
40.01630124	2023-04-19 23:09:46.343
38.53889124	2023-04-19 23:09:46.394
39.63508968	2023-04-19 23:09:46.463
38.86639211999999	2023-04-19 23:09:46.538
39.0225996	2023-04-19 23:09:46.590
88.05109008000001	2023-04-19 23:09:46.657
90.34116336000001	2023-04-19 23:09:46.710
94.00635516	2023-04-19 23:09:46.760
105.366546	2023-04-19 23:09:46.812
89.463318	2023-04-19 23:09:46.863
