56.60759472	2023-04-19 22:01:51.782
34.51879848	2023-04-19 22:01:51.835
36.96572532	2023-04-19 22:01:51.885
37.101391080000006	2023-04-19 22:01:51.937
34.29129912	2023-04-19 22:01:51.987
36.54827988	2023-04-19 22:01:52.038
36.99606096	2023-04-19 22:01:52.092
32.6871672	2023-04-19 22:01:52.155
36.238018319999995	2023-04-19 22:01:52.207
35.56176288	2023-04-19 22:01:52.273
33.5462172	2023-04-19 22:01:52.324
36.14888028	2023-04-19 22:01:52.388
35.37626832	2023-04-19 22:01:52.439
35.3475564	2023-04-19 22:01:52.489
37.308141000000006	2023-04-19 22:01:52.546
36.06527988	2023-04-19 22:01:52.597
35.75923091999999	2023-04-19 22:01:52.648
37.62015648	2023-04-19 22:01:52.705
36.122971559999996	2023-04-19 22:01:52.758
36.17867088	2023-04-19 22:01:52.964
37.20051264	2023-04-19 22:01:53.028
34.910502359999995	2023-04-19 22:01:53.082
34.8787254	2023-04-19 22:01:53.132
37.73671884	2023-04-19 22:01:53.184
35.4125712	2023-04-19 22:01:53.249
35.60788428	2023-04-19 22:01:53.301
38.344389359999994	2023-04-19 22:01:53.367
36.016154279999995	2023-04-19 22:01:53.426
37.73287212	2023-04-19 22:01:53.477
39.1456098	2023-04-19 22:01:53.589
37.942760400000004	2023-04-19 22:01:53.645
37.708919879999996	2023-04-19 22:01:53.696
39.721596119999994	2023-04-19 22:01:53.747
37.12679532	2023-04-19 22:01:53.823
37.70942724	2023-04-19 22:01:53.875
38.36432772	2023-04-19 22:01:53.926
38.64041292	2023-04-19 22:01:54.008
36.80827128	2023-04-19 22:01:54.061
35.647288079999996	2023-04-19 22:01:54.112
37.63395528000001	2023-04-19 22:01:54.163
36.69085884	2023-04-19 22:01:54.214
35.53163712	2023-04-19 22:01:54.265
37.4322282	2023-04-19 22:01:54.316
37.6685364	2023-04-19 22:01:54.368
80.55302316	2023-04-19 22:01:54.420
74.21694768	2023-04-19 22:01:54.472
65.08377456	2023-04-19 22:01:54.523
74.1093216	2023-04-19 22:01:54.573
73.8596922	2023-04-19 22:01:54.624
80.99034252000001	2023-04-19 22:01:54.676
79.13471856	2023-04-19 22:01:54.726
75.19088256	2023-04-19 22:01:54.789
93.84697691999999	2023-04-19 22:01:54.848
80.70211668	2023-04-19 22:01:54.900
98.69217588000001	2023-04-19 22:01:54.958
93.99802523999999	2023-04-19 22:01:55.009
80.50551659999999	2023-04-19 22:01:55.061
78.99457043999999	2023-04-19 22:01:55.112
90.35999316	2023-04-19 22:01:55.162
66.74496552000001	2023-04-19 22:01:55.213
81.88930836	2023-04-19 22:01:55.265
91.17697392	2023-04-19 22:01:55.315
82.05982428	2023-04-19 22:01:55.371
83.13537528	2023-04-19 22:01:55.432
80.13621647999999	2023-04-19 22:01:55.484
83.80660572	2023-04-19 22:01:55.535
62.6318946	2023-04-19 22:01:55.585
81.37142136	2023-04-19 22:01:55.637
79.70652012	2023-04-19 22:01:55.688
79.06491695999999	2023-04-19 22:01:55.741
69.06101640000001	2023-04-19 22:01:55.792
80.70521832	2023-04-19 22:01:55.843
81.80583768	2023-04-19 22:01:55.894
78.3873108	2023-04-19 22:01:55.953
83.47205303999999	2023-04-19 22:01:56.009
