33.207415319999996	2023-04-19 19:08:47.890
31.630439279999997	2023-04-19 19:08:47.951
36.75395268	2023-04-19 19:08:48.002
34.24508184	2023-04-19 19:08:48.064
31.5342516	2023-04-19 19:08:48.116
34.056849959999994	2023-04-19 19:08:48.167
32.62627044	2023-04-19 19:08:48.232
33.11278212	2023-04-19 19:08:48.282
34.51036656000001	2023-04-19 19:08:48.342
32.166445440000004	2023-04-19 19:08:48.395
33.713635319999995	2023-04-19 19:08:48.446
33.07242864	2023-04-19 19:08:48.497
32.348634360000005	2023-04-19 19:08:48.548
34.42713504	2023-04-19 19:08:48.598
34.833006479999995	2023-04-19 19:08:48.650
32.7750558	2023-04-19 19:08:48.701
34.12446504	2023-04-19 19:08:48.751
35.75211672	2023-04-19 19:08:48.803
32.42221752	2023-04-19 19:08:48.854
35.035068599999995	2023-04-19 19:08:49.021
34.4143482	2023-04-19 19:08:49.098
31.30813668	2023-04-19 19:08:49.150
31.788199920000004	2023-04-19 19:08:49.200
32.79897516	2023-04-19 19:08:49.252
32.77461803999999	2023-04-19 19:08:49.316
32.78372448	2023-04-19 19:08:49.370
34.53955164	2023-04-19 19:08:49.433
31.095041760000004	2023-04-19 19:08:49.488
30.878202119999997	2023-04-19 19:08:49.539
34.83888	2023-04-19 19:08:49.689
31.88661768	2023-04-19 19:08:49.743
35.96615616	2023-04-19 19:08:49.795
35.55123528	2023-04-19 19:08:49.846
34.0769952	2023-04-19 19:08:49.909
36.080529	2023-04-19 19:08:49.963
39.01545108	2023-04-19 19:08:50.015
34.29079764	2023-04-19 19:08:50.081
33.76757832	2023-04-19 19:08:50.134
57.36084312	2023-04-19 19:08:50.191
