72.28079208	2023-04-19 23:10:42.237
38.01155388	2023-04-19 23:10:42.289
38.30410632	2023-04-19 23:10:42.340
36.564438960000004	2023-04-19 23:10:42.390
36.60303708	2023-04-19 23:10:42.442
37.98655512	2023-04-19 23:10:42.493
37.49673936000001	2023-04-19 23:10:42.543
34.21471248	2023-04-19 23:10:42.605
36.26099844	2023-04-19 23:10:42.666
38.050256039999994	2023-04-19 23:10:42.717
35.471680320000004	2023-04-19 23:10:42.775
36.04770036000001	2023-04-19 23:10:42.826
37.8623982	2023-04-19 23:10:42.878
38.34243216	2023-04-19 23:10:42.929
35.61166356	2023-04-19 23:10:42.979
40.040931959999995	2023-04-19 23:10:43.031
37.67889156	2023-04-19 23:10:43.082
36.3763488	2023-04-19 23:10:43.132
40.898533799999996	2023-04-19 23:10:43.185
38.90714808	2023-04-19 23:10:43.358
38.885689559999996	2023-04-19 23:10:43.421
39.02070768	2023-04-19 23:10:43.481
36.208296600000004	2023-04-19 23:10:43.533
38.4585936	2023-04-19 23:10:43.601
36.52722696	2023-04-19 23:10:43.653
37.46688132	2023-04-19 23:10:43.718
38.663587920000005	2023-04-19 23:10:43.770
37.3707588	2023-04-19 23:10:43.856
36.77054652	2023-04-19 23:10:43.908
39.2110272	2023-04-19 23:10:44.049
35.982785160000006	2023-04-19 23:10:44.106
39.59561772	2023-04-19 23:10:44.155
39.22611144	2023-04-19 23:10:44.225
36.690220319999995	2023-04-19 23:10:44.288
39.19537548	2023-04-19 23:10:44.339
39.57965652	2023-04-19 23:10:44.414
37.965167879999996	2023-04-19 23:10:44.502
37.5363156	2023-04-19 23:10:44.553
85.25466492	2023-04-19 23:10:44.617
92.80897236	2023-04-19 23:10:44.688
96.37399620000001	2023-04-19 23:10:44.739
92.52685248	2023-04-19 23:10:44.802
