58.02734832	2023-04-19 19:09:47.916
32.45770704	2023-04-19 19:09:47.968
32.6308248	2023-04-19 19:09:48.019
31.106411880000003	2023-04-19 19:09:48.070
31.470517680000004	2023-04-19 19:09:48.126
32.33544132	2023-04-19 19:09:48.177
31.20897696	2023-04-19 19:09:48.230
29.836826759999997	2023-04-19 19:09:48.281
33.26743656	2023-04-19 19:09:48.332
33.037238159999994	2023-04-19 19:09:48.384
31.928113439999997	2023-04-19 19:09:48.434
29.435745	2023-04-19 19:09:48.495
33.01976508	2023-04-19 19:09:48.547
33.027454799999994	2023-04-19 19:09:48.603
30.2531298	2023-04-19 19:09:48.653
30.62739432	2023-04-19 19:09:48.717
33.96268896	2023-04-19 19:09:48.769
33.64655688	2023-04-19 19:09:48.830
31.00968456	2023-04-19 19:09:48.881
33.64358484	2023-04-19 19:09:49.056
30.39112224	2023-04-19 19:09:49.108
30.001337879999998	2023-04-19 19:09:49.174
31.291334520000007	2023-04-19 19:09:49.227
30.852695879999995	2023-04-19 19:09:49.291
34.23283392	2023-04-19 19:09:49.345
30.672499319999996	2023-04-19 19:09:49.396
33.03241548	2023-04-19 19:09:49.462
33.58633464	2023-04-19 19:09:49.514
33.79827744	2023-04-19 19:09:49.646
31.000843439999997	2023-04-19 19:09:49.697
34.74930576	2023-04-19 19:09:49.763
31.64680524	2023-04-19 19:09:49.825
32.35460388	2023-04-19 19:09:49.878
33.85381416	2023-04-19 19:09:49.943
32.78325756	2023-04-19 19:09:50.010
32.48385864	2023-04-19 19:09:50.062
31.6031454	2023-04-19 19:09:50.113
