38.67722028	2023-04-19 23:12:40.300
38.50454256	2023-04-19 23:12:40.351
37.78945824	2023-04-19 23:12:40.402
35.443643640000005	2023-04-19 23:12:40.466
37.588844279999996	2023-04-19 23:12:40.530
39.946533360000004	2023-04-19 23:12:40.581
37.175513880000004	2023-04-19 23:12:40.643
37.205639639999994	2023-04-19 23:12:40.695
39.17064444	2023-04-19 23:12:40.747
38.534603759999996	2023-04-19 23:12:40.798
36.089096520000005	2023-04-19 23:12:40.848
35.84641716	2023-04-19 23:12:40.915
38.868651240000005	2023-04-19 23:12:40.966
38.95397484	2023-04-19 23:12:41.027
36.47915148	2023-04-19 23:12:41.078
37.37410176	2023-04-19 23:12:41.139
39.9096204	2023-04-19 23:12:41.191
38.7560646	2023-04-19 23:12:41.253
39.15910944	2023-04-19 23:12:41.467
36.42574128	2023-04-19 23:12:41.519
37.84802388	2023-04-19 23:12:41.586
36.533533799999994	2023-04-19 23:12:41.658
36.465857160000006	2023-04-19 23:12:41.710
39.28889784	2023-04-19 23:12:41.774
36.54443316	2023-04-19 23:12:41.837
38.15011968	2023-04-19 23:12:41.889
40.1788554	2023-04-19 23:12:42.042
36.87756996	2023-04-19 23:12:42.123
39.62389128	2023-04-19 23:12:42.175
41.290542720000005	2023-04-19 23:12:42.228
39.98860344	2023-04-19 23:12:42.290
38.53673028	2023-04-19 23:12:42.343
40.672924200000004	2023-04-19 23:12:42.394
38.03706372	2023-04-19 23:12:42.488
39.1033014	2023-04-19 23:12:42.540
39.5237856	2023-04-19 23:12:42.590
86.11344672	2023-04-19 23:12:42.642
97.81048379999999	2023-04-19 23:12:42.693
90.7934298	2023-04-19 23:12:42.743
90.6552702	2023-04-19 23:12:42.812
