31.58040588	2023-04-19 19:11:46.090
32.46435492	2023-04-19 19:11:46.140
34.87848924	2023-04-19 19:11:46.191
33.567202800000004	2023-04-19 19:11:46.242
34.898157	2023-04-19 19:11:46.293
37.575245640000006	2023-04-19 19:11:46.344
34.23502716	2023-04-19 19:11:46.395
34.8094956	2023-04-19 19:11:46.446
33.94709736	2023-04-19 19:11:46.497
34.140659400000004	2023-04-19 19:11:46.548
34.021730639999994	2023-04-19 19:11:46.599
33.481203119999996	2023-04-19 19:11:46.673
32.09104164	2023-04-19 19:11:46.724
34.5418782	2023-04-19 19:11:46.788
32.82559512	2023-04-19 19:11:46.839
34.58317248	2023-04-19 19:11:46.889
34.85605032	2023-04-19 19:11:46.942
32.983257599999995	2023-04-19 19:11:46.994
34.15395432	2023-04-19 19:11:47.047
31.509014520000004	2023-04-19 19:11:47.269
32.48456316	2023-04-19 19:11:47.321
31.517821919999996	2023-04-19 19:11:47.412
30.408696479999996	2023-04-19 19:11:47.464
32.8170936	2023-04-19 19:11:47.515
33.6930822	2023-04-19 19:11:47.567
32.16381372	2023-04-19 19:11:47.620
31.6210308	2023-04-19 19:11:47.670
33.8938626	2023-04-19 19:11:47.789
33.49878036	2023-04-19 19:11:47.841
32.83565052	2023-04-19 19:11:47.895
34.40098356	2023-04-19 19:11:47.945
33.1974318	2023-04-19 19:11:47.997
32.66112216	2023-04-19 19:11:48.068
35.622325319999995	2023-04-19 19:11:48.119
35.3467806	2023-04-19 19:11:48.216
33.008121360000004	2023-04-19 19:11:48.270
34.303448040000006	2023-04-19 19:11:48.328
