93.75287376000001	2023-04-19 23:14:38.844
40.31364492	2023-04-19 23:14:38.903
38.37660924	2023-04-19 23:14:38.954
38.26756356	2023-04-19 23:14:39.013
35.60538444	2023-04-19 23:14:39.064
36.69183852	2023-04-19 23:14:39.125
37.632806159999994	2023-04-19 23:14:39.176
36.30917364	2023-04-19 23:14:39.238
34.5652938	2023-04-19 23:14:39.288
35.400155520000006	2023-04-19 23:14:39.349
38.40005712000001	2023-04-19 23:14:39.401
37.74873216	2023-04-19 23:14:39.459
34.954129200000004	2023-04-19 23:14:39.512
37.77069516	2023-04-19 23:14:39.564
38.09812848	2023-04-19 23:14:39.615
35.24181696	2023-04-19 23:14:39.665
38.7568434	2023-04-19 23:14:39.717
39.38596632	2023-04-19 23:14:39.768
36.36632412	2023-04-19 23:14:39.821
36.2114358	2023-04-19 23:14:40.018
39.09547296	2023-04-19 23:14:40.081
36.39341784	2023-04-19 23:14:40.132
36.670785599999995	2023-04-19 23:14:40.189
37.03313664	2023-04-19 23:14:40.239
38.101774320000004	2023-04-19 23:14:40.306
38.551980119999996	2023-04-19 23:14:40.357
36.612618	2023-04-19 23:14:40.423
39.57817608	2023-04-19 23:14:40.474
36.43221672	2023-04-19 23:14:40.557
39.00761964	2023-04-19 23:14:40.709
38.1463734	2023-04-19 23:14:40.760
40.14845376	2023-04-19 23:14:40.816
38.50278636	2023-04-19 23:14:40.877
37.24234956	2023-04-19 23:14:40.928
39.637149480000005	2023-04-19 23:14:40.996
37.84620384	2023-04-19 23:14:41.064
37.62315624	2023-04-19 23:14:41.117
37.9633104	2023-04-19 23:14:41.168
35.57407896	2023-04-19 23:14:41.231
83.71591896	2023-04-19 23:14:41.283
90.77470344	2023-04-19 23:14:41.333
95.61484584	2023-04-19 23:14:41.395
101.3446032	2023-04-19 23:14:41.446
89.85542748	2023-04-19 23:14:41.500
