29.33887968	2023-04-19 19:01:55.395
31.17807468	2023-04-19 19:01:55.445
32.32167624	2023-04-19 19:01:55.497
32.4489702	2023-04-19 19:01:55.548
32.65140324	2023-04-19 19:01:55.598
32.407846920000004	2023-04-19 19:01:55.651
31.293662639999997	2023-04-19 19:01:55.703
32.20990068	2023-04-19 19:01:55.754
29.938316160000003	2023-04-19 19:01:55.823
30.56339064	2023-04-19 19:01:55.874
32.19421224	2023-04-19 19:01:55.925
29.889392039999997	2023-04-19 19:01:55.976
31.33856976	2023-04-19 19:01:56.027
32.90522196	2023-04-19 19:01:56.078
31.42416396	2023-04-19 19:01:56.129
32.43355392	2023-04-19 19:01:56.179
31.63559928	2023-04-19 19:01:56.231
31.759254000000002	2023-04-19 19:01:56.282
33.390045	2023-04-19 19:01:56.482
32.622255	2023-04-19 19:01:56.540
30.428132639999998	2023-04-19 19:01:56.590
29.88261384	2023-04-19 19:01:56.642
30.136155959999996	2023-04-19 19:01:56.693
29.68669068	2023-04-19 19:01:56.746
31.585802760000004	2023-04-19 19:01:56.797
32.41881228	2023-04-19 19:01:56.860
29.304129839999998	2023-04-19 19:01:56.920
29.60906208	2023-04-19 19:01:56.970
33.15340248	2023-04-19 19:01:57.114
29.556967439999998	2023-04-19 19:01:57.166
34.623018480000006	2023-04-19 19:01:57.218
34.1006124	2023-04-19 19:01:57.269
31.73442096	2023-04-19 19:01:57.340
33.028463040000005	2023-04-19 19:01:57.391
33.217606319999994	2023-04-19 19:01:57.443
31.532598000000004	2023-04-19 19:01:57.511
32.07167508	2023-04-19 19:01:57.562
65.51465376	2023-04-19 19:01:57.621
