43.84458612	2023-04-19 21:09:45.930
33.900949680000004	2023-04-19 21:09:45.983
35.65062816	2023-04-19 21:09:46.034
34.723594920000004	2023-04-19 21:09:46.086
35.090471040000004	2023-04-19 21:09:46.136
35.46844224	2023-04-19 21:09:46.187
35.213983320000004	2023-04-19 21:09:46.239
35.0290308	2023-04-19 21:09:46.291
35.65632852	2023-04-19 21:09:46.342
32.250523920000006	2023-04-19 21:09:46.406
35.30994024	2023-04-19 21:09:46.464
33.16311828	2023-04-19 21:09:46.516
33.80721828	2023-04-19 21:09:46.567
36.529788960000005	2023-04-19 21:09:46.618
34.243155480000006	2023-04-19 21:09:46.669
33.661707	2023-04-19 21:09:46.720
35.685685920000005	2023-04-19 21:09:46.779
34.65979356	2023-04-19 21:09:46.830
34.76732076	2023-04-19 21:09:47.073
35.30396472	2023-04-19 21:09:47.144
34.09578744	2023-04-19 21:09:47.194
37.04825003999999	2023-04-19 21:09:47.246
33.48053076	2023-04-19 21:09:47.312
33.263254079999996	2023-04-19 21:09:47.365
35.9150052	2023-04-19 21:09:47.428
34.57666476	2023-04-19 21:09:47.497
34.620054	2023-04-19 21:09:47.549
35.6473248	2023-04-19 21:09:47.701
34.16592936	2023-04-19 21:09:47.754
36.99399816	2023-04-19 21:09:47.804
37.026589200000004	2023-04-19 21:09:47.856
35.09117568	2023-04-19 21:09:47.924
37.461345720000004	2023-04-19 21:09:47.975
37.00847076	2023-04-19 21:09:48.027
35.64513012	2023-04-19 21:09:48.113
36.57135828	2023-04-19 21:09:48.164
35.8407474	2023-04-19 21:09:48.215
36.16419984	2023-04-19 21:09:48.269
35.13075264	2023-04-19 21:09:48.319
67.34503536	2023-04-19 21:09:48.372
73.91320200000001	2023-04-19 21:09:48.424
70.82274708	2023-04-19 21:09:48.475
58.71848712	2023-04-19 21:09:48.533
89.43592452	2023-04-19 21:09:48.584
96.02486904000001	2023-04-19 21:09:48.636
78.31588644	2023-04-19 21:09:48.686
95.39200056	2023-04-19 21:09:48.745
99.38844096000001	2023-04-19 21:09:48.796
76.9410714	2023-04-19 21:09:48.847
93.52534680000001	2023-04-19 21:09:48.898
81.8182212	2023-04-19 21:09:48.956
81.86498652	2023-04-19 21:09:49.008
72.80886936	2023-04-19 21:09:49.059
78.98195304	2023-04-19 21:09:49.109
73.82419884	2023-04-19 21:09:49.168
