30.33494616	2023-04-19 20:19:37.240
32.41280304	2023-04-19 20:19:37.291
33.63032808	2023-04-19 20:19:37.344
31.591741560000003	2023-04-19 20:19:37.395
32.91041568	2023-04-19 20:19:37.447
32.25224496	2023-04-19 20:19:37.498
29.78595456	2023-04-19 20:19:37.548
32.23095216	2023-04-19 20:19:37.600
32.856770159999996	2023-04-19 20:19:37.651
32.065975439999995	2023-04-19 20:19:37.701
32.3954304	2023-04-19 20:19:37.752
33.44837676	2023-04-19 20:19:37.804
31.875247440000003	2023-04-19 20:19:37.854
30.580733279999997	2023-04-19 20:19:37.918
30.89038476	2023-04-19 20:19:37.982
34.56458472	2023-04-19 20:19:38.034
31.82548248	2023-04-19 20:19:38.092
30.31257468	2023-04-19 20:19:38.142
32.934269879999995	2023-04-19 20:19:38.340
33.27782784	2023-04-19 20:19:38.403
31.091969400000004	2023-04-19 20:19:38.454
31.29669684	2023-04-19 20:19:38.523
31.50000552	2023-04-19 20:19:38.575
30.916056479999998	2023-04-19 20:19:38.627
33.05947164	2023-04-19 20:19:38.682
31.19582136	2023-04-19 20:19:38.747
32.126735759999995	2023-04-19 20:19:38.798
34.058239560000004	2023-04-19 20:19:38.866
32.34468636	2023-04-19 20:19:38.994
30.363356879999998	2023-04-19 20:19:39.057
33.28626108	2023-04-19 20:19:39.107
31.133266560000003	2023-04-19 20:19:39.185
32.096239080000004	2023-04-19 20:19:39.237
33.86508156	2023-04-19 20:19:39.301
35.38689492	2023-04-19 20:19:39.373
33.21021564	2023-04-19 20:19:39.426
31.498453920000003	2023-04-19 20:19:39.477
30.012640559999998	2023-04-19 20:19:39.532
67.3402134	2023-04-19 20:19:39.584
80.01894419999999	2023-04-19 20:19:39.634
75.19965324	2023-04-19 20:19:39.698
96.88405704	2023-04-19 20:19:39.759
85.229631	2023-04-19 20:19:39.811
97.85714268000001	2023-04-19 20:19:39.866
94.24660524000001	2023-04-19 20:19:39.917
80.75683932	2023-04-19 20:19:39.969
