38.027175480000004	2023-04-19 23:16:37.308
38.92010208	2023-04-19 23:16:37.359
36.33913668	2023-04-19 23:16:37.423
38.65683816	2023-04-19 23:16:37.473
38.445267120000004	2023-04-19 23:16:37.533
36.74703564	2023-04-19 23:16:37.583
38.1918576	2023-04-19 23:16:37.634
39.155021999999995	2023-04-19 23:16:37.686
39.583878840000004	2023-04-19 23:16:37.736
38.554782839999994	2023-04-19 23:16:37.787
38.839571160000006	2023-04-19 23:16:37.844
35.91281124	2023-04-19 23:16:37.898
39.18711084	2023-04-19 23:16:37.948
38.12829468	2023-04-19 23:16:38.001
37.689215999999995	2023-04-19 23:16:38.053
39.795385440000004	2023-04-19 23:16:38.103
39.947477039999995	2023-04-19 23:16:38.160
37.27058712	2023-04-19 23:16:38.211
38.584571159999996	2023-04-19 23:16:38.261
40.235302680000004	2023-04-19 23:16:38.463
37.10135808	2023-04-19 23:16:38.535
35.54489172	2023-04-19 23:16:38.585
37.87666536	2023-04-19 23:16:38.637
37.02642348	2023-04-19 23:16:38.690
38.95377252	2023-04-19 23:16:38.742
38.45208132	2023-04-19 23:16:38.792
39.6028368	2023-04-19 23:16:38.844
37.598626079999995	2023-04-19 23:16:38.908
36.828340080000004	2023-04-19 23:16:38.960
39.2050944	2023-04-19 23:16:39.103
36.549223559999994	2023-04-19 23:16:39.164
41.20315416	2023-04-19 23:16:39.215
40.605512159999996	2023-04-19 23:16:39.282
36.750302999999995	2023-04-19 23:16:39.353
39.177697800000004	2023-04-19 23:16:39.404
41.472156	2023-04-19 23:16:39.460
37.64259096	2023-04-19 23:16:39.515
38.4459072	2023-04-19 23:16:39.567
39.70968408	2023-04-19 23:16:39.618
89.49918312000001	2023-04-19 23:16:39.670
96.08020032	2023-04-19 23:16:39.741
97.30926492	2023-04-19 23:16:39.791
93.74835840000001	2023-04-19 23:16:39.855
