35.26155516	2023-04-19 21:11:43.892
33.58927068	2023-04-19 21:11:43.946
35.9821788	2023-04-19 21:11:43.996
34.92268428	2023-04-19 21:11:44.052
33.97598028	2023-04-19 21:11:44.104
37.89151572	2023-04-19 21:11:44.154
35.67148176	2023-04-19 21:11:44.208
33.53437644	2023-04-19 21:11:44.274
36.26413164	2023-04-19 21:11:44.325
36.12226104	2023-04-19 21:11:44.384
32.47542156	2023-04-19 21:11:44.435
36.452158919999995	2023-04-19 21:11:44.486
33.4394382	2023-04-19 21:11:44.542
35.61051444	2023-04-19 21:11:44.593
37.0449774	2023-04-19 21:11:44.655
34.65247188	2023-04-19 21:11:44.706
35.582576759999995	2023-04-19 21:11:44.756
36.574393920000006	2023-04-19 21:11:44.809
35.10973488	2023-04-19 21:11:44.861
37.20190008	2023-04-19 21:11:45.016
36.879964799999996	2023-04-19 21:11:45.078
34.775216640000004	2023-04-19 21:11:45.131
35.320598999999994	2023-04-19 21:11:45.183
34.5777756	2023-04-19 21:11:45.236
35.264829240000005	2023-04-19 21:11:45.287
35.42900244	2023-04-19 21:11:45.338
37.549473479999996	2023-04-19 21:11:45.403
35.298501959999996	2023-04-19 21:11:45.461
35.076942120000005	2023-04-19 21:11:45.511
36.196861320000004	2023-04-19 21:11:45.658
33.39081696	2023-04-19 21:11:45.710
38.1305178	2023-04-19 21:11:45.761
38.1771774	2023-04-19 21:11:45.813
36.49213608	2023-04-19 21:11:45.864
36.18386916	2023-04-19 21:11:45.914
37.98210048	2023-04-19 21:11:45.966
38.30433792	2023-04-19 21:11:46.021
36.68822796	2023-04-19 21:11:46.075
35.93399832	2023-04-19 21:11:46.126
37.827881520000005	2023-04-19 21:11:46.177
36.645411360000004	2023-04-19 21:11:46.229
34.427979	2023-04-19 21:11:46.279
69.02970948000001	2023-04-19 21:11:46.330
76.1465274	2023-04-19 21:11:46.391
80.74819980000001	2023-04-19 21:11:46.445
80.04795684	2023-04-19 21:11:46.499
73.30486152	2023-04-19 21:11:46.549
98.43441299999999	2023-04-19 21:11:46.600
88.28604456	2023-04-19 21:11:46.651
78.74021436000001	2023-04-19 21:11:46.702
95.79413088	2023-04-19 21:11:46.753
94.35744095999998	2023-04-19 21:11:46.815
85.45949376	2023-04-19 21:11:46.868
71.05543931999999	2023-04-19 21:11:46.919
82.63931484	2023-04-19 21:11:46.970
82.53509928	2023-04-19 21:11:47.021
75.29128656	2023-04-19 21:11:47.072
