79.41242292	2023-04-19 23:17:34.971
38.2152672	2023-04-19 23:17:35.021
37.28097900000001	2023-04-19 23:17:35.072
37.49805708	2023-04-19 23:17:35.124
36.40202136	2023-04-19 23:17:35.174
38.49476004	2023-04-19 23:17:35.233
38.11341132	2023-04-19 23:17:35.284
38.651882040000004	2023-04-19 23:17:35.340
35.89456236	2023-04-19 23:17:35.391
34.54778184	2023-04-19 23:17:35.452
38.43032004	2023-04-19 23:17:35.504
38.64898044	2023-04-19 23:17:35.564
35.73548016	2023-04-19 23:17:35.615
38.79077916	2023-04-19 23:17:35.667
39.41373384	2023-04-19 23:17:35.718
35.52535656	2023-04-19 23:17:35.769
38.600126159999995	2023-04-19 23:17:35.820
39.41437404	2023-04-19 23:17:35.871
35.64894384	2023-04-19 23:17:35.921
38.92030668	2023-04-19 23:17:35.990
36.03598992	2023-04-19 23:17:36.179
39.413057040000005	2023-04-19 23:17:36.230
37.114075920000005	2023-04-19 23:17:36.296
36.605198040000005	2023-04-19 23:17:36.349
37.05550656	2023-04-19 23:17:36.401
40.15911708	2023-04-19 23:17:36.452
38.99888424	2023-04-19 23:17:36.504
38.168406000000004	2023-04-19 23:17:36.577
39.1857264	2023-04-19 23:17:36.628
39.37412016	2023-04-19 23:17:36.771
36.75776268	2023-04-19 23:17:36.826
39.20539344	2023-04-19 23:17:36.876
39.062343719999994	2023-04-19 23:17:36.927
36.90871056	2023-04-19 23:17:36.978
37.05219948	2023-04-19 23:17:37.028
40.42548504	2023-04-19 23:17:37.088
38.15835216000001	2023-04-19 23:17:37.164
38.16311112	2023-04-19 23:17:37.215
40.201056720000004	2023-04-19 23:17:37.288
78.8440626	2023-04-19 23:17:37.340
89.84838083999999	2023-04-19 23:17:37.406
83.58862056000001	2023-04-19 23:17:37.457
98.24723052	2023-04-19 23:17:37.510
