38.87479248	2023-04-19 19:15:42.791
33.828780959999996	2023-04-19 19:15:42.842
34.73786664000001	2023-04-19 19:15:42.895
35.39691732	2023-04-19 19:15:42.947
32.99776608	2023-04-19 19:15:43.013
35.13773772	2023-04-19 19:15:43.064
32.444213399999995	2023-04-19 19:15:43.129
35.0702928	2023-04-19 19:15:43.179
36.080425559999995	2023-04-19 19:15:43.238
33.53353308	2023-04-19 19:15:43.289
36.02239368	2023-04-19 19:15:43.340
35.39550144	2023-04-19 19:15:43.391
33.95000184	2023-04-19 19:15:43.442
35.8672002	2023-04-19 19:15:43.492
35.68089396	2023-04-19 19:15:43.544
34.42652412	2023-04-19 19:15:43.595
34.935203400000006	2023-04-19 19:15:43.645
35.88258204	2023-04-19 19:15:43.697
33.691262280000004	2023-04-19 19:15:43.748
35.20784664	2023-04-19 19:15:43.925
36.0177366	2023-04-19 19:15:43.995
33.16392864	2023-04-19 19:15:44.046
32.24563008	2023-04-19 19:15:44.097
33.59028264	2023-04-19 19:15:44.149
33.53636496	2023-04-19 19:15:44.216
34.30368564	2023-04-19 19:15:44.270
36.38639892	2023-04-19 19:15:44.333
33.62719404	2023-04-19 19:15:44.388
33.33788436	2023-04-19 19:15:44.439
35.39445276	2023-04-19 19:15:44.589
35.067862680000005	2023-04-19 19:15:44.642
37.46067192	2023-04-19 19:15:44.691
36.6785106	2023-04-19 19:15:44.743
35.75568768	2023-04-19 19:15:44.794
35.79675552	2023-04-19 19:15:44.844
37.384693080000005	2023-04-19 19:15:44.896
35.9048538	2023-04-19 19:15:44.958
35.76473268	2023-04-19 19:15:45.011
33.207011279999996	2023-04-19 19:15:45.061
