35.3172582	2023-04-19 23:18:35.117
37.78598172	2023-04-19 23:18:35.168
35.18264268	2023-04-19 23:18:35.224
36.701354280000004	2023-04-19 23:18:35.275
36.9574944	2023-04-19 23:18:35.333
35.6379792	2023-04-19 23:18:35.385
37.66860084	2023-04-19 23:18:35.435
38.09874012	2023-04-19 23:18:35.488
37.26660468	2023-04-19 23:18:35.540
36.6062766	2023-04-19 23:18:35.591
37.29953748	2023-04-19 23:18:35.642
36.77986128	2023-04-19 23:18:35.693
37.4055108	2023-04-19 23:18:35.744
39.74096255999999	2023-04-19 23:18:35.800
36.977097	2023-04-19 23:18:35.852
36.8382276	2023-04-19 23:18:35.902
38.385074159999995	2023-04-19 23:18:35.959
36.90415548000001	2023-04-19 23:18:36.010
36.85243176	2023-04-19 23:18:36.060
39.01956312	2023-04-19 23:18:36.221
38.68950264	2023-04-19 23:18:36.308
36.212278319999996	2023-04-19 23:18:36.359
35.74172484	2023-04-19 23:18:36.410
36.38113776	2023-04-19 23:18:36.514
38.27920572	2023-04-19 23:18:36.565
40.18766124	2023-04-19 23:18:36.627
37.37244756	2023-04-19 23:18:36.678
37.42834848	2023-04-19 23:18:36.729
39.17476476	2023-04-19 23:18:36.916
37.70112816	2023-04-19 23:18:36.968
37.76566932	2023-04-19 23:18:37.019
39.0720618	2023-04-19 23:18:37.071
37.1829384	2023-04-19 23:18:37.125
37.21391328	2023-04-19 23:18:37.175
40.28158824	2023-04-19 23:18:37.233
38.06341019999999	2023-04-19 23:18:37.306
39.02917932	2023-04-19 23:18:37.359
40.1373258	2023-04-19 23:18:37.428
66.70403784	2023-04-19 23:18:37.478
84.18349824	2023-04-19 23:18:37.530
93.93594348	2023-04-19 23:18:37.581
91.73814372	2023-04-19 23:18:37.631
87.30242988	2023-04-19 23:18:37.695
