44.331806879999995	2023-04-19 21:13:41.916
35.50534992	2023-04-19 21:13:41.967
33.6987174	2023-04-19 21:13:42.018
31.420956479999997	2023-04-19 21:13:42.082
34.738811760000004	2023-04-19 21:13:42.133
33.96130608	2023-04-19 21:13:42.190
33.23717748	2023-04-19 21:13:42.243
35.22214692	2023-04-19 21:13:42.306
33.16250964	2023-04-19 21:13:42.358
34.79637228	2023-04-19 21:13:42.408
35.13297876	2023-04-19 21:13:42.460
33.407586959999996	2023-04-19 21:13:42.511
36.21892092	2023-04-19 21:13:42.561
35.56905012	2023-04-19 21:13:42.613
34.28121372	2023-04-19 21:13:42.664
36.02445348	2023-04-19 21:13:42.714
35.76952464	2023-04-19 21:13:42.766
34.20168888	2023-04-19 21:13:42.817
35.277178320000004	2023-04-19 21:13:42.867
36.83650512	2023-04-19 21:13:43.029
36.060518640000005	2023-04-19 21:13:43.101
33.629083800000004	2023-04-19 21:13:43.153
33.47293992	2023-04-19 21:13:43.204
34.133540759999995	2023-04-19 21:13:43.257
32.70852000000001	2023-04-19 21:13:43.345
32.70764304	2023-04-19 21:13:43.408
37.62568608	2023-04-19 21:13:43.460
34.814490000000006	2023-04-19 21:13:43.520
34.72906296	2023-04-19 21:13:43.571
36.877701120000005	2023-04-19 21:13:43.696
34.45621356	2023-04-19 21:13:43.783
37.96246644	2023-04-19 21:13:43.834
37.68250596	2023-04-19 21:13:43.885
34.62774144	2023-04-19 21:13:43.944
36.15451392	2023-04-19 21:13:43.997
37.29305904	2023-04-19 21:13:44.048
37.31886876	2023-04-19 21:13:44.121
35.83241148	2023-04-19 21:13:44.173
35.78538468000001	2023-04-19 21:13:44.224
35.070226080000005	2023-04-19 21:13:44.280
70.07236427999999	2023-04-19 21:13:44.331
71.27244624	2023-04-19 21:13:44.382
71.72322852	2023-04-19 21:13:44.434
61.040742120000004	2023-04-19 21:13:44.499
88.03695191999999	2023-04-19 21:13:44.550
88.49333411999999	2023-04-19 21:13:44.605
77.90329584	2023-04-19 21:13:44.655
104.7731832	2023-04-19 21:13:44.706
104.30168832	2023-04-19 21:13:44.762
81.754725	2023-04-19 21:13:44.813
95.68205172	2023-04-19 21:13:44.870
81.59004959999999	2023-04-19 21:13:44.923
82.06558919999999	2023-04-19 21:13:44.974
75.02519076	2023-04-19 21:13:45.025
65.51735064	2023-04-19 21:13:45.091
77.06037048	2023-04-19 21:13:45.142
