50.68701132	2023-04-19 19:16:41.480
32.11134876	2023-04-19 19:16:41.541
34.9800408	2023-04-19 19:16:41.593
35.81618724	2023-04-19 19:16:41.644
32.16931332	2023-04-19 19:16:41.694
32.042723280000004	2023-04-19 19:16:41.755
35.2154016	2023-04-19 19:16:41.807
33.6007428	2023-04-19 19:16:41.859
31.529731679999998	2023-04-19 19:16:41.911
31.136443200000002	2023-04-19 19:16:41.975
33.44570832	2023-04-19 19:16:42.026
35.141311679999994	2023-04-19 19:16:42.081
31.541270519999998	2023-04-19 19:16:42.133
32.1261954	2023-04-19 19:16:42.199
35.5067322	2023-04-19 19:16:42.251
34.81998432	2023-04-19 19:16:42.305
31.16936628	2023-04-19 19:16:42.357
32.20412976	2023-04-19 19:16:42.421
34.44518232	2023-04-19 19:16:42.615
31.11521928	2023-04-19 19:16:42.681
31.17979416	2023-04-19 19:16:42.732
31.479190080000002	2023-04-19 19:16:42.785
31.980513239999993	2023-04-19 19:16:42.837
32.69566728	2023-04-19 19:16:42.905
33.47428836	2023-04-19 19:16:42.957
32.23908492	2023-04-19 19:16:43.032
32.00770656	2023-04-19 19:16:43.084
32.25824891999999	2023-04-19 19:16:43.245
31.875448440000003	2023-04-19 19:16:43.296
35.25237972	2023-04-19 19:16:43.347
35.79597828	2023-04-19 19:16:43.401
31.811415359999998	2023-04-19 19:16:43.462
35.53035168	2023-04-19 19:16:43.513
34.82001876	2023-04-19 19:16:43.576
32.86868004	2023-04-19 19:16:43.678
50.691429240000005	2023-04-19 19:16:43.730
