36.58947372	2023-04-19 23:19:33.260
36.10441164	2023-04-19 23:19:33.323
39.148683	2023-04-19 23:19:33.375
38.4963138	2023-04-19 23:19:33.430
35.91467088	2023-04-19 23:19:33.481
38.43025176	2023-04-19 23:19:33.545
39.77780508	2023-04-19 23:19:33.597
38.309603519999996	2023-04-19 23:19:33.659
35.77259484	2023-04-19 23:19:33.711
36.34065084	2023-04-19 23:19:33.770
38.926850400000006	2023-04-19 23:19:33.821
38.38679508	2023-04-19 23:19:33.882
36.36133656	2023-04-19 23:19:33.933
38.9332614	2023-04-19 23:19:33.984
38.23199904	2023-04-19 23:19:34.035
36.471895679999996	2023-04-19 23:19:34.086
39.65523504	2023-04-19 23:19:34.137
38.6580876	2023-04-19 23:19:34.190
36.51524892	2023-04-19 23:19:34.241
39.32918532	2023-04-19 23:19:34.395
42.91222344	2023-04-19 23:19:34.471
36.31787832	2023-04-19 23:19:34.522
36.719603160000005	2023-04-19 23:19:34.573
35.8426356	2023-04-19 23:19:34.629
36.888769919999994	2023-04-19 23:19:34.680
39.09095604	2023-04-19 23:19:34.732
38.44988892	2023-04-19 23:19:34.782
39.0183834	2023-04-19 23:19:34.834
37.438914360000005	2023-04-19 23:19:34.884
36.42357876	2023-04-19 23:19:35.034
39.59892324	2023-04-19 23:19:35.088
38.663080439999995	2023-04-19 23:19:35.152
39.13035912	2023-04-19 23:19:35.204
37.371874080000005	2023-04-19 23:19:35.257
38.96699628	2023-04-19 23:19:35.307
40.31478792	2023-04-19 23:19:35.362
38.89118916	2023-04-19 23:19:35.434
38.97607428	2023-04-19 23:19:35.486
39.26724216	2023-04-19 23:19:35.537
37.42723764	2023-04-19 23:19:35.598
88.17710303999999	2023-04-19 23:19:35.650
98.10438167999999	2023-04-19 23:19:35.700
101.67446435999999	2023-04-19 23:19:35.761
97.85070012	2023-04-19 23:19:35.813
