55.39263252	2023-04-19 20:54:01.480
31.77659664	2023-04-19 20:54:01.542
34.55949228	2023-04-19 20:54:01.593
35.628228119999996	2023-04-19 20:54:01.644
32.53831512	2023-04-19 20:54:01.695
32.4077442	2023-04-19 20:54:01.751
34.45240584	2023-04-19 20:54:01.802
34.613640000000004	2023-04-19 20:54:01.856
32.555147399999996	2023-04-19 20:54:01.906
35.33753472	2023-04-19 20:54:01.958
34.917017519999995	2023-04-19 20:54:02.009
33.78596292	2023-04-19 20:54:02.059
35.198498879999995	2023-04-19 20:54:02.110
38.32417656	2023-04-19 20:54:02.162
34.384253279999996	2023-04-19 20:54:02.212
32.79577068	2023-04-19 20:54:02.276
34.400411639999994	2023-04-19 20:54:02.340
35.85744768	2023-04-19 20:54:02.391
33.76818552	2023-04-19 20:54:02.455
33.49233864	2023-04-19 20:54:02.674
34.22854872	2023-04-19 20:54:02.725
33.932122559999996	2023-04-19 20:54:02.789
32.20143432	2023-04-19 20:54:02.863
33.187644840000004	2023-04-19 20:54:02.915
36.00181368	2023-04-19 20:54:02.968
33.54065172	2023-04-19 20:54:03.021
33.40523112	2023-04-19 20:54:03.072
36.1519482	2023-04-19 20:54:03.223
32.68217208	2023-04-19 20:54:03.301
36.00343787999999	2023-04-19 20:54:03.353
37.00037616	2023-04-19 20:54:03.403
35.3408448	2023-04-19 20:54:03.463
34.10081328	2023-04-19 20:54:03.513
36.260860560000005	2023-04-19 20:54:03.564
36.024753960000005	2023-04-19 20:54:03.639
35.32134336	2023-04-19 20:54:03.701
35.8019148	2023-04-19 20:54:03.753
35.48004768	2023-04-19 20:54:03.804
35.12518788	2023-04-19 20:54:03.868
65.8771734	2023-04-19 20:54:03.919
70.82824667999999	2023-04-19 20:54:03.983
74.08395336000001	2023-04-19 20:54:04.033
88.335135	2023-04-19 20:54:04.096
91.80980496000001	2023-04-19 20:54:04.148
100.20497952	2023-04-19 20:54:04.199
101.3985522	2023-04-19 20:54:04.251
98.985567	2023-04-19 20:54:04.314
80.51125308	2023-04-19 20:54:04.365
91.47272172	2023-04-19 20:54:04.421
77.44124688000001	2023-04-19 20:54:04.472
80.89908239999998	2023-04-19 20:54:04.523
66.81632328	2023-04-19 20:54:04.580
79.07055	2023-04-19 20:54:04.630
77.75268912	2023-04-19 20:54:04.682
