34.565291640000005	2023-04-19 21:14:40.890
32.72829432	2023-04-19 21:14:40.954
36.32354652	2023-04-19 21:14:41.005
35.849415359999995	2023-04-19 21:14:41.056
33.40839876	2023-04-19 21:14:41.107
32.513647799999994	2023-04-19 21:14:41.165
34.93972187999999	2023-04-19 21:14:41.217
36.334949640000005	2023-04-19 21:14:41.270
33.849765000000005	2023-04-19 21:14:41.321
35.70174383999999	2023-04-19 21:14:41.372
36.24220464	2023-04-19 21:14:41.423
35.022318479999996	2023-04-19 21:14:41.474
35.20369332	2023-04-19 21:14:41.535
36.472164	2023-04-19 21:14:41.586
35.959677600000006	2023-04-19 21:14:41.651
33.39996396	2023-04-19 21:14:41.716
34.13671368	2023-04-19 21:14:41.767
37.056519959999996	2023-04-19 21:14:41.819
36.00869832	2023-04-19 21:14:41.888
37.22807856	2023-04-19 21:14:42.064
34.46539656	2023-04-19 21:14:42.114
34.11697464	2023-04-19 21:14:42.165
34.151189280000004	2023-04-19 21:14:42.234
34.48010076	2023-04-19 21:14:42.285
36.059574239999996	2023-04-19 21:14:42.338
36.9711912	2023-04-19 21:14:42.396
33.612045480000006	2023-04-19 21:14:42.448
34.13347476	2023-04-19 21:14:42.514
38.41810512000001	2023-04-19 21:14:42.622
36.43248432	2023-04-19 21:14:42.676
33.04850928	2023-04-19 21:14:42.726
36.837822120000006	2023-04-19 21:14:42.777
37.97697504	2023-04-19 21:14:42.864
34.807972559999996	2023-04-19 21:14:42.915
37.25685804	2023-04-19 21:14:42.966
37.36826496	2023-04-19 21:14:43.020
37.031924520000004	2023-04-19 21:14:43.094
37.56749064	2023-04-19 21:14:43.157
35.716149	2023-04-19 21:14:43.211
34.79427504	2023-04-19 21:14:43.262
67.84315488	2023-04-19 21:14:43.313
73.54258259999999	2023-04-19 21:14:43.374
65.92538604	2023-04-19 21:14:43.435
84.16220832	2023-04-19 21:14:43.486
71.87906952	2023-04-19 21:14:43.545
94.30130016	2023-04-19 21:14:43.596
95.64197028	2023-04-19 21:14:43.647
94.81189836	2023-04-19 21:14:43.711
97.96375752	2023-04-19 21:14:43.761
91.35082548000001	2023-04-19 21:14:43.813
66.56135843999999	2023-04-19 21:14:43.864
75.01132535999999	2023-04-19 21:14:43.914
82.8106404	2023-04-19 21:14:43.966
79.78189248000001	2023-04-19 21:14:44.032
81.38076852	2023-04-19 21:14:44.083
