33.736404	2023-04-19 21:15:39.631
36.4216584	2023-04-19 21:15:39.690
34.6751484	2023-04-19 21:15:39.741
35.48200560000001	2023-04-19 21:15:39.792
36.71282184	2023-04-19 21:15:39.843
36.036702000000005	2023-04-19 21:15:39.894
35.97924348	2023-04-19 21:15:39.945
37.20412476	2023-04-19 21:15:39.996
37.36677852	2023-04-19 21:15:40.047
36.86309508	2023-04-19 21:15:40.098
37.02426252	2023-04-19 21:15:40.149
36.95135244	2023-04-19 21:15:40.200
37.42602336	2023-04-19 21:15:40.251
34.06140732	2023-04-19 21:15:40.324
33.419430119999994	2023-04-19 21:15:40.376
37.366340040000004	2023-04-19 21:15:40.427
34.33907328	2023-04-19 21:15:40.478
36.46713888	2023-04-19 21:15:40.529
37.01755092	2023-04-19 21:15:40.581
34.92545616	2023-04-19 21:15:40.767
36.07124796	2023-04-19 21:15:40.835
35.30568948	2023-04-19 21:15:40.886
36.9541896	2023-04-19 21:15:40.950
35.3173272	2023-04-19 21:15:41.003
37.35729804	2023-04-19 21:15:41.054
38.25909492	2023-04-19 21:15:41.106
36.25306584	2023-04-19 21:15:41.159
36.90712368	2023-04-19 21:15:41.210
37.548899999999996	2023-04-19 21:15:41.335
36.232554	2023-04-19 21:15:41.394
34.76026728	2023-04-19 21:15:41.445
38.569116720000004	2023-04-19 21:15:41.495
38.9543136	2023-04-19 21:15:41.547
36.92628552	2023-04-19 21:15:41.620
39.383301599999996	2023-04-19 21:15:41.672
37.18806012	2023-04-19 21:15:41.757
37.16171676	2023-04-19 21:15:41.810
36.47391948	2023-04-19 21:15:41.860
35.76631872	2023-04-19 21:15:41.919
35.39549915999999	2023-04-19 21:15:41.970
51.06235152000001	2023-04-19 21:15:42.035
64.45826316	2023-04-19 21:15:42.087
73.34625768	2023-04-19 21:15:42.138
72.01695552	2023-04-19 21:15:42.189
91.84553364	2023-04-19 21:15:42.240
90.45652116	2023-04-19 21:15:42.291
106.69075332	2023-04-19 21:15:42.342
109.94342207999999	2023-04-19 21:15:42.393
98.83471968	2023-04-19 21:15:42.468
100.51021224	2023-04-19 21:15:42.520
88.36539708000001	2023-04-19 21:15:42.572
84.61700832000001	2023-04-19 21:15:42.623
81.2482074	2023-04-19 21:15:42.673
76.78769424	2023-04-19 21:15:42.737
68.21839763999999	2023-04-19 21:15:42.793
71.00169491999999	2023-04-19 21:15:42.845
