68.78877948	2023-04-19 21:16:38.635
35.83534836	2023-04-19 21:16:38.687
33.53012412	2023-04-19 21:16:38.749
33.09978924	2023-04-19 21:16:38.801
35.13507084	2023-04-19 21:16:38.854
35.768547240000004	2023-04-19 21:16:38.906
35.04869856	2023-04-19 21:16:38.956
34.41667416	2023-04-19 21:16:39.015
32.690776320000005	2023-04-19 21:16:39.079
35.207373	2023-04-19 21:16:39.130
35.209024199999995	2023-04-19 21:16:39.185
34.8511272	2023-04-19 21:16:39.237
36.31244544	2023-04-19 21:16:39.289
35.94510167999999	2023-04-19 21:16:39.339
34.36336668	2023-04-19 21:16:39.390
36.10772015999999	2023-04-19 21:16:39.441
35.86058616	2023-04-19 21:16:39.492
35.59411848	2023-04-19 21:16:39.543
36.0795186	2023-04-19 21:16:39.595
35.813689679999996	2023-04-19 21:16:39.647
35.992471079999994	2023-04-19 21:16:39.855
33.28973988	2023-04-19 21:16:39.905
35.73460548	2023-04-19 21:16:39.975
34.139477279999994	2023-04-19 21:16:40.046
33.86066292	2023-04-19 21:16:40.097
36.9260502	2023-04-19 21:16:40.164
34.11120372	2023-04-19 21:16:40.226
35.649653640000004	2023-04-19 21:16:40.278
35.59651116	2023-04-19 21:16:40.423
33.56828436000001	2023-04-19 21:16:40.509
36.3764844	2023-04-19 21:16:40.558
37.10823756	2023-04-19 21:16:40.610
36.94902576	2023-04-19 21:16:40.661
36.96434688	2023-04-19 21:16:40.711
37.94603532	2023-04-19 21:16:40.785
36.26929164	2023-04-19 21:16:40.843
36.28076664	2023-04-19 21:16:40.895
36.698043479999995	2023-04-19 21:16:40.956
34.67922900000001	2023-04-19 21:16:41.013
34.52497704	2023-04-19 21:16:41.073
66.71453184	2023-04-19 21:16:41.126
70.88502612	2023-04-19 21:16:41.178
68.19768336000001	2023-04-19 21:16:41.231
57.86513075999999	2023-04-19 21:16:41.283
80.62198679999999	2023-04-19 21:16:41.337
91.88267976	2023-04-19 21:16:41.387
69.50737704	2023-04-19 21:16:41.451
95.25681227999999	2023-04-19 21:16:41.502
104.04885	2023-04-19 21:16:41.556
77.87073864	2023-04-19 21:16:41.615
93.89670600000001	2023-04-19 21:16:41.665
86.21999484000001	2023-04-19 21:16:41.716
85.76901024	2023-04-19 21:16:41.767
75.16314876	2023-04-19 21:16:41.818
73.06005552	2023-04-19 21:16:41.877
73.8581016	2023-04-19 21:16:41.928
