35.7879804	2023-04-19 23:23:29.820
35.29816236	2023-04-19 23:23:29.871
38.3982312	2023-04-19 23:23:29.922
37.92491184	2023-04-19 23:23:29.973
37.3874208	2023-04-19 23:23:30.024
37.30156056	2023-04-19 23:23:30.075
37.7581122	2023-04-19 23:23:30.126
38.421105600000004	2023-04-19 23:23:30.177
35.48588375999999	2023-04-19 23:23:30.240
35.3867952	2023-04-19 23:23:30.304
36.900343199999995	2023-04-19 23:23:30.356
36.652433280000004	2023-04-19 23:23:30.417
35.76551076	2023-04-19 23:23:30.468
38.162803800000006	2023-04-19 23:23:30.519
37.776467520000004	2023-04-19 23:23:30.570
35.46905004	2023-04-19 23:23:30.620
38.5759362	2023-04-19 23:23:30.672
37.21134612	2023-04-19 23:23:30.726
35.97151848000001	2023-04-19 23:23:30.944
35.39718864	2023-04-19 23:23:30.996
35.02690728	2023-04-19 23:23:31.070
36.6684552	2023-04-19 23:23:31.121
35.16725928	2023-04-19 23:23:31.192
39.24446748	2023-04-19 23:23:31.243
37.2480852	2023-04-19 23:23:31.309
35.95026312	2023-04-19 23:23:31.373
37.56914352	2023-04-19 23:23:31.534
36.739475639999995	2023-04-19 23:23:31.614
40.0814526	2023-04-19 23:23:31.664
40.045959960000005	2023-04-19 23:23:31.715
37.63951776	2023-04-19 23:23:31.779
37.87339584000001	2023-04-19 23:23:31.832
41.47202412	2023-04-19 23:23:31.883
38.538186	2023-04-19 23:23:31.966
39.02773044	2023-04-19 23:23:32.032
39.59885664	2023-04-19 23:23:32.085
81.43984152	2023-04-19 23:23:32.163
91.1329386	2023-04-19 23:23:32.215
101.11359516	2023-04-19 23:23:32.266
97.40224823999999	2023-04-19 23:23:32.317
