35.34620939999999	2023-04-19 21:19:35.054
36.35401176	2023-04-19 21:19:35.105
33.60215496000001	2023-04-19 21:19:35.161
35.15689584	2023-04-19 21:19:35.212
36.810663119999994	2023-04-19 21:19:35.268
32.90042928	2023-04-19 21:19:35.319
35.15592072	2023-04-19 21:19:35.370
36.16548384	2023-04-19 21:19:35.421
33.443924280000005	2023-04-19 21:19:35.472
34.995798959999995	2023-04-19 21:19:35.523
35.85137844	2023-04-19 21:19:35.574
34.7840892	2023-04-19 21:19:35.625
35.19239292	2023-04-19 21:19:35.676
36.654891840000005	2023-04-19 21:19:35.727
34.4823966	2023-04-19 21:19:35.778
35.10018768	2023-04-19 21:19:35.829
35.53041984	2023-04-19 21:19:35.880
32.29826292	2023-04-19 21:19:35.931
34.99063596	2023-04-19 21:19:35.982
35.567230200000004	2023-04-19 21:19:36.166
33.07519524	2023-04-19 21:19:36.250
32.6732988	2023-04-19 21:19:36.301
33.63208356	2023-04-19 21:19:36.371
33.85776132	2023-04-19 21:19:36.436
34.14673236	2023-04-19 21:19:36.487
36.65533104	2023-04-19 21:19:36.554
34.931999039999994	2023-04-19 21:19:36.612
36.080289119999996	2023-04-19 21:19:36.663
37.206047399999996	2023-04-19 21:19:36.762
36.722976960000004	2023-04-19 21:19:36.817
35.0247486	2023-04-19 21:19:36.868
37.910540399999995	2023-04-19 21:19:36.918
38.08686324000001	2023-04-19 21:19:36.981
36.96741408	2023-04-19 21:19:37.048
37.14909708	2023-04-19 21:19:37.099
36.88877292	2023-04-19 21:19:37.159
35.769659520000005	2023-04-19 21:19:37.260
35.93481084	2023-04-19 21:19:37.311
35.3352792	2023-04-19 21:19:37.363
74.28439188	2023-04-19 21:19:37.431
61.12630704000001	2023-04-19 21:19:37.482
71.34404160000001	2023-04-19 21:19:37.541
68.54781804	2023-04-19 21:19:37.591
87.67750620000001	2023-04-19 21:19:37.642
88.94134896	2023-04-19 21:19:37.701
97.838115	2023-04-19 21:19:37.752
101.03218284000002	2023-04-19 21:19:37.803
101.27439299999999	2023-04-19 21:19:37.855
96.27109248000002	2023-04-19 21:19:37.905
97.28382552000001	2023-04-19 21:19:37.956
81.92628888	2023-04-19 21:19:38.025
83.796114	2023-04-19 21:19:38.076
69.00673536000001	2023-04-19 21:19:38.131
80.8248936	2023-04-19 21:19:38.183
77.79847092	2023-04-19 21:19:38.234
