34.65406092	2023-04-19 20:28:28.085
33.25846212	2023-04-19 20:28:28.136
31.014746279999997	2023-04-19 20:28:28.192
32.53817724	2023-04-19 20:28:28.243
33.7085382	2023-04-19 20:28:28.295
31.04642592	2023-04-19 20:28:28.348
30.92793264	2023-04-19 20:28:28.404
34.5998412	2023-04-19 20:28:28.455
33.952266359999996	2023-04-19 20:28:28.510
30.885358200000002	2023-04-19 20:28:28.562
34.36643916	2023-04-19 20:28:28.613
32.91267564	2023-04-19 20:28:28.664
31.82899116	2023-04-19 20:28:28.715
33.27378012	2023-04-19 20:28:28.766
34.29484752	2023-04-19 20:28:28.817
32.92300092	2023-04-19 20:28:28.868
31.145719080000003	2023-04-19 20:28:28.934
34.611921239999994	2023-04-19 20:28:28.986
34.2624882	2023-04-19 20:28:29.055
35.03881488	2023-04-19 20:28:29.245
31.782803880000003	2023-04-19 20:28:29.297
34.25155656	2023-04-19 20:28:29.348
32.5030212	2023-04-19 20:28:29.408
31.250612999999998	2023-04-19 20:28:29.460
33.17658048	2023-04-19 20:28:29.529
34.811516520000005	2023-04-19 20:28:29.580
34.134857759999996	2023-04-19 20:28:29.631
34.58276916	2023-04-19 20:28:29.684
34.547175360000004	2023-04-19 20:28:29.736
34.174772759999996	2023-04-19 20:28:29.893
34.41951204	2023-04-19 20:28:29.957
34.909190640000006	2023-04-19 20:28:30.009
33.31692948	2023-04-19 20:28:30.060
33.82564404	2023-04-19 20:28:30.110
35.55363312	2023-04-19 20:28:30.168
34.8177618	2023-04-19 20:28:30.235
33.779758799999996	2023-04-19 20:28:30.286
35.61415812	2023-04-19 20:28:30.337
32.54320536	2023-04-19 20:28:30.400
72.29745936	2023-04-19 20:28:30.452
82.5436668	2023-04-19 20:28:30.503
68.90905667999999	2023-04-19 20:28:30.556
85.33644756	2023-04-19 20:28:30.608
69.41044728	2023-04-19 20:28:30.665
89.67334128	2023-04-19 20:28:30.717
88.28779932	2023-04-19 20:28:30.778
91.47757896	2023-04-19 20:28:30.829
