98.38525583999999	2023-04-19 23:25:28.257
37.48253436	2023-04-19 23:25:28.307
37.625821679999994	2023-04-19 23:25:28.359
35.02839144	2023-04-19 23:25:28.410
37.86563856	2023-04-19 23:25:28.460
37.10091732	2023-04-19 23:25:28.512
34.2880992	2023-04-19 23:25:28.575
36.9541206	2023-04-19 23:25:28.626
38.279642759999994	2023-04-19 23:25:28.688
34.52895648	2023-04-19 23:25:28.738
36.78836063999999	2023-04-19 23:25:28.789
35.63487	2023-04-19 23:25:28.846
36.14067996	2023-04-19 23:25:28.896
37.42251156	2023-04-19 23:25:28.961
35.0216424	2023-04-19 23:25:29.012
35.12812308	2023-04-19 23:25:29.062
41.01017448	2023-04-19 23:25:29.122
36.39422736	2023-04-19 23:25:29.175
36.40708164	2023-04-19 23:25:29.225
38.85005916000001	2023-04-19 23:25:29.392
38.97779147999999	2023-04-19 23:25:29.472
35.38783944	2023-04-19 23:25:29.524
36.4523238	2023-04-19 23:25:29.575
34.57642788	2023-04-19 23:25:29.634
35.83943496	2023-04-19 23:25:29.685
35.10511224	2023-04-19 23:25:29.750
37.48213044	2023-04-19 23:25:29.802
36.0582588	2023-04-19 23:25:29.868
37.159320359999995	2023-04-19 23:25:29.930
38.40352836	2023-04-19 23:25:30.045
39.65951724	2023-04-19 23:25:30.109
38.55822252	2023-04-19 23:25:30.163
36.7354632	2023-04-19 23:25:30.215
37.881390599999996	2023-04-19 23:25:30.267
35.613009	2023-04-19 23:25:30.335
36.25171812	2023-04-19 23:25:30.386
37.57501104	2023-04-19 23:25:30.438
37.996911839999996	2023-04-19 23:25:30.491
39.4142376	2023-04-19 23:25:30.575
75.65846556	2023-04-19 23:25:30.626
81.74214359999999	2023-04-19 23:25:30.677
91.80906288	2023-04-19 23:25:30.728
104.68802975999999	2023-04-19 23:25:30.779
105.15460092000001	2023-04-19 23:25:30.840
