31.396632479999997	2023-04-19 20:30:25.746
34.440324360000005	2023-04-19 20:30:25.797
33.73130928	2023-04-19 20:30:25.850
31.90692852	2023-04-19 20:30:25.901
33.875139239999996	2023-04-19 20:30:25.953
33.77645244	2023-04-19 20:30:26.004
32.36172468	2023-04-19 20:30:26.054
30.87617904	2023-04-19 20:30:26.121
31.507024440000002	2023-04-19 20:30:26.182
34.44629916	2023-04-19 20:30:26.233
31.593667200000002	2023-04-19 20:30:26.291
31.64191056	2023-04-19 20:30:26.342
35.26317792	2023-04-19 20:30:26.394
34.43013708	2023-04-19 20:30:26.445
32.21105196	2023-04-19 20:30:26.495
36.508131	2023-04-19 20:30:26.547
34.205301719999994	2023-04-19 20:30:26.600
32.381058239999994	2023-04-19 20:30:26.651
34.77362976	2023-04-19 20:30:26.849
35.161657080000005	2023-04-19 20:30:26.912
32.8691538	2023-04-19 20:30:26.962
32.90144196	2023-04-19 20:30:27.014
33.020301	2023-04-19 20:30:27.067
34.1707896	2023-04-19 20:30:27.119
35.173733999999996	2023-04-19 20:30:27.171
35.03358216	2023-04-19 20:30:27.226
33.742811999999994	2023-04-19 20:30:27.282
34.83574464	2023-04-19 20:30:27.335
36.310256040000006	2023-04-19 20:30:27.482
32.791788360000005	2023-04-19 20:30:27.561
36.69932748	2023-04-19 20:30:27.613
35.921620080000004	2023-04-19 20:30:27.664
32.89273872	2023-04-19 20:30:27.723
34.12578348	2023-04-19 20:30:27.776
36.28673544	2023-04-19 20:30:27.827
34.117378679999995	2023-04-19 20:30:27.903
32.28213384	2023-04-19 20:30:27.958
34.158944160000004	2023-04-19 20:30:28.011
66.02582976000001	2023-04-19 20:30:28.070
64.98104388	2023-04-19 20:30:28.133
69.1880382	2023-04-19 20:30:28.184
98.54082408000001	2023-04-19 20:30:28.253
95.77213343999999	2023-04-19 20:30:28.306
89.69507340000001	2023-04-19 20:30:28.357
89.67223188000001	2023-04-19 20:30:28.419
