35.857718999999996	2023-04-19 21:22:31.930
34.802474520000004	2023-04-19 21:22:31.980
36.030695040000005	2023-04-19 21:22:32.031
35.542093560000005	2023-04-19 21:22:32.083
33.05349912	2023-04-19 21:22:32.143
35.650630320000005	2023-04-19 21:22:32.194
35.35548744	2023-04-19 21:22:32.253
33.47088083999999	2023-04-19 21:22:32.304
36.12209232	2023-04-19 21:22:32.369
34.765230960000004	2023-04-19 21:22:32.419
35.565071399999994	2023-04-19 21:22:32.470
36.94544892	2023-04-19 21:22:32.522
36.19807032	2023-04-19 21:22:32.572
36.14975796	2023-04-19 21:22:32.623
36.743054040000004	2023-04-19 21:22:32.676
35.598705120000005	2023-04-19 21:22:32.728
35.96716356	2023-04-19 21:22:32.778
37.40668836	2023-04-19 21:22:32.832
35.00173548	2023-04-19 21:22:32.883
34.82859	2023-04-19 21:22:33.045
37.946240640000006	2023-04-19 21:22:33.107
35.293506119999996	2023-04-19 21:22:33.166
34.71499296	2023-04-19 21:22:33.217
35.59749084	2023-04-19 21:22:33.285
34.38192132	2023-04-19 21:22:33.356
35.2004208	2023-04-19 21:22:33.409
36.90648132	2023-04-19 21:22:33.474
33.37718916	2023-04-19 21:22:33.527
34.9865538	2023-04-19 21:22:33.579
38.0480598	2023-04-19 21:22:33.706
34.62102912	2023-04-19 21:22:33.783
37.9839924	2023-04-19 21:22:33.834
38.59452468	2023-04-19 21:22:33.886
36.39807492	2023-04-19 21:22:33.957
37.83297564	2023-04-19 21:22:34.008
37.4377308	2023-04-19 21:22:34.060
35.63298492	2023-04-19 21:22:34.113
36.04523880000001	2023-04-19 21:22:34.166
37.4930928	2023-04-19 21:22:34.231
34.567182	2023-04-19 21:22:34.283
34.255370279999994	2023-04-19 21:22:34.347
70.74588912	2023-04-19 21:22:34.398
73.08471551999999	2023-04-19 21:22:34.449
70.32213456	2023-04-19 21:22:34.507
57.632810279999994	2023-04-19 21:22:34.559
91.7596704	2023-04-19 21:22:34.610
93.66016776	2023-04-19 21:22:34.660
71.93254116	2023-04-19 21:22:34.716
100.96831248	2023-04-19 21:22:34.768
102.8506254	2023-04-19 21:22:34.819
81.81555432000002	2023-04-19 21:22:34.869
91.90258596000001	2023-04-19 21:22:34.936
86.41095672	2023-04-19 21:22:34.987
84.07006896000001	2023-04-19 21:22:35.040
81.40731504	2023-04-19 21:22:35.091
71.28897708	2023-04-19 21:22:35.150
73.01639652	2023-04-19 21:22:35.201
39.201516	2023-04-19 21:22:35.252
38.37960984	2023-04-19 21:22:35.303
39.464205	2023-04-19 21:22:35.355
38.04920748	2023-04-19 21:22:35.405
