31.3260498	2023-04-19 19:02:55.701
30.561335280000005	2023-04-19 19:02:55.755
32.59863852	2023-04-19 19:02:55.806
28.59174096	2023-04-19 19:02:55.870
31.898053679999997	2023-04-19 19:02:55.921
33.01598196	2023-04-19 19:02:55.974
29.307876240000002	2023-04-19 19:02:56.026
31.24052388	2023-04-19 19:02:56.076
32.413886160000004	2023-04-19 19:02:56.128
30.90347508	2023-04-19 19:02:56.178
31.321090680000005	2023-04-19 19:02:56.229
32.49293436	2023-04-19 19:02:56.281
31.738775159999996	2023-04-19 19:02:56.346
31.701865199999997	2023-04-19 19:02:56.398
33.01385772	2023-04-19 19:02:56.457
28.834152000000003	2023-04-19 19:02:56.510
31.721805120000003	2023-04-19 19:02:56.575
30.1721904	2023-04-19 19:02:56.627
31.432497599999998	2023-04-19 19:02:56.793
32.425456319999995	2023-04-19 19:02:56.869
29.947760640000002	2023-04-19 19:02:56.921
28.932534479999998	2023-04-19 19:02:56.972
31.443359520000005	2023-04-19 19:02:57.023
28.967791799999997	2023-04-19 19:02:57.086
29.426971320000003	2023-04-19 19:02:57.141
31.814244239999997	2023-04-19 19:02:57.203
28.58546412	2023-04-19 19:02:57.258
28.19146428	2023-04-19 19:02:57.311
35.55683676	2023-04-19 19:02:57.449
28.445010119999996	2023-04-19 19:02:57.504
32.423093040000005	2023-04-19 19:02:57.555
33.03467388	2023-04-19 19:02:57.606
31.41940788	2023-04-19 19:02:57.666
31.92109824	2023-04-19 19:02:57.719
32.30949516	2023-04-19 19:02:57.770
30.486634560000002	2023-04-19 19:02:57.836
31.1657256	2023-04-19 19:02:57.903
50.594362919999995	2023-04-19 19:02:57.953
