31.6629336	2023-04-19 20:31:24.756
31.536009240000002	2023-04-19 20:31:24.817
34.580713079999995	2023-04-19 20:31:24.869
34.75722708	2023-04-19 20:31:24.922
32.51914584	2023-04-19 20:31:24.973
31.2327636	2023-04-19 20:31:25.036
34.073415960000005	2023-04-19 20:31:25.088
34.48395048	2023-04-19 20:31:25.143
32.12160504	2023-04-19 20:31:25.194
31.311679920000003	2023-04-19 20:31:25.256
35.03800464	2023-04-19 20:31:25.307
35.39462148	2023-04-19 20:31:25.366
31.492686719999995	2023-04-19 20:31:25.416
33.658366199999996	2023-04-19 20:31:25.468
34.986791399999994	2023-04-19 20:31:25.519
32.239453680000004	2023-04-19 20:31:25.569
34.44447468	2023-04-19 20:31:25.636
35.029233239999996	2023-04-19 20:31:25.687
34.208236320000005	2023-04-19 20:31:25.859
34.842255359999996	2023-04-19 20:31:25.922
32.3513688	2023-04-19 20:31:25.975
32.194209959999995	2023-04-19 20:31:26.042
32.44576956	2023-04-19 20:31:26.097
31.470386519999998	2023-04-19 20:31:26.148
35.72253	2023-04-19 20:31:26.201
32.707478880000004	2023-04-19 20:31:26.255
33.2673024	2023-04-19 20:31:26.317
34.77639348	2023-04-19 20:31:26.370
31.69079796	2023-04-19 20:31:26.497
35.04036792	2023-04-19 20:31:26.549
35.4596004	2023-04-19 20:31:26.612
37.81539756	2023-04-19 20:31:26.664
34.07068464	2023-04-19 20:31:26.718
33.52243284	2023-04-19 20:31:26.768
35.7243822	2023-04-19 20:31:26.820
34.81924368	2023-04-19 20:31:26.893
34.7902956	2023-04-19 20:31:26.944
32.429606639999996	2023-04-19 20:31:26.995
32.92944492	2023-04-19 20:31:27.054
67.93161912000001	2023-04-19 20:31:27.105
83.47721292	2023-04-19 20:31:27.166
86.14175388000001	2023-04-19 20:31:27.217
95.6530698	2023-04-19 20:31:27.268
96.87660036000001	2023-04-19 20:31:27.319
84.87500508000001	2023-04-19 20:31:27.370
85.09693584	2023-04-19 20:31:27.426
92.16135996	2023-04-19 20:31:27.477
