42.12854052	2023-04-19 19:23:33.890
34.960034279999995	2023-04-19 19:23:33.949
33.14270244	2023-04-19 19:23:33.999
35.40518208	2023-04-19 19:23:34.050
35.64631284	2023-04-19 19:23:34.102
34.95490644	2023-04-19 19:23:34.152
33.92138952	2023-04-19 19:23:34.216
34.815330960000004	2023-04-19 19:23:34.267
35.53504248	2023-04-19 19:23:34.326
32.3895912	2023-04-19 19:23:34.387
33.64699452	2023-04-19 19:23:34.438
36.16072632	2023-04-19 19:23:34.489
35.77370868	2023-04-19 19:23:34.540
33.41126664	2023-04-19 19:23:34.591
35.98585992	2023-04-19 19:23:34.642
35.150589	2023-04-19 19:23:34.693
34.55452716	2023-04-19 19:23:34.744
35.65417056	2023-04-19 19:23:34.795
35.63099628	2023-04-19 19:23:34.846
34.993437840000006	2023-04-19 19:23:35.060
34.0304346	2023-04-19 19:23:35.111
32.45751144	2023-04-19 19:23:35.172
32.40464028	2023-04-19 19:23:35.249
33.73056636	2023-04-19 19:23:35.300
35.353493639999996	2023-04-19 19:23:35.352
33.43413648	2023-04-19 19:23:35.403
32.16475968	2023-04-19 19:23:35.453
35.17292532	2023-04-19 19:23:35.504
35.08186308	2023-04-19 19:23:35.633
34.7286552	2023-04-19 19:23:35.685
36.18457524	2023-04-19 19:23:35.762
34.944821880000006	2023-04-19 19:23:35.813
34.90048368	2023-04-19 19:23:35.874
34.8150282	2023-04-19 19:23:35.929
32.28155892	2023-04-19 19:23:35.981
34.798932	2023-04-19 19:23:36.050
34.95817908	2023-04-19 19:23:36.106
35.07215172	2023-04-19 19:23:36.157
