91.01404728	2023-04-19 23:27:26.482
35.60359896	2023-04-19 23:27:26.533
35.52785556	2023-04-19 23:27:26.597
37.51438488	2023-04-19 23:27:26.648
37.48165512	2023-04-19 23:27:26.703
35.69681844	2023-04-19 23:27:26.755
35.5501866	2023-04-19 23:27:26.816
38.303290679999996	2023-04-19 23:27:26.868
38.05764072	2023-04-19 23:27:26.926
35.87671224	2023-04-19 23:27:26.977
36.07890696	2023-04-19 23:27:27.043
39.3003054	2023-04-19 23:27:27.095
37.86512508	2023-04-19 23:27:27.155
35.21580636	2023-04-19 23:27:27.206
34.797483840000005	2023-04-19 23:27:27.270
41.264968440000004	2023-04-19 23:27:27.322
37.30574388	2023-04-19 23:27:27.385
36.823111919999995	2023-04-19 23:27:27.436
38.282613239999996	2023-04-19 23:27:27.678
37.57491132	2023-04-19 23:27:27.730
36.32617896000001	2023-04-19 23:27:27.799
36.818120519999994	2023-04-19 23:27:27.854
36.09621744	2023-04-19 23:27:27.906
37.6496436	2023-04-19 23:27:27.959
36.759990359999996	2023-04-19 23:27:28.025
36.235960080000005	2023-04-19 23:27:28.092
38.67957912	2023-04-19 23:27:28.143
38.15450316	2023-04-19 23:27:28.288
36.534987120000004	2023-04-19 23:27:28.341
39.47324544	2023-04-19 23:27:28.393
39.279859560000006	2023-04-19 23:27:28.460
36.33593004000001	2023-04-19 23:27:28.523
38.3181066	2023-04-19 23:27:28.574
39.84507696	2023-04-19 23:27:28.639
37.84731624	2023-04-19 23:27:28.725
38.31368424	2023-04-19 23:27:28.793
85.9750188	2023-04-19 23:27:28.844
82.12325244	2023-04-19 23:27:28.896
93.61397892000001	2023-04-19 23:27:28.946
97.36496651999998	2023-04-19 23:27:28.997
93.77467404000001	2023-04-19 23:27:29.048
