57.16225824	2023-04-19 20:52:04.090
35.7587646	2023-04-19 20:52:04.141
33.97443096	2023-04-19 20:52:04.192
32.77580016	2023-04-19 20:52:04.243
34.586345400000006	2023-04-19 20:52:04.294
34.473895080000005	2023-04-19 20:52:04.348
34.9579752	2023-04-19 20:52:04.398
34.75510812	2023-04-19 20:52:04.449
35.0265348	2023-04-19 20:52:04.500
35.331528479999996	2023-04-19 20:52:04.551
31.677302759999996	2023-04-19 20:52:04.610
30.81197808	2023-04-19 20:52:04.666
34.84987836	2023-04-19 20:52:04.717
31.846772279999996	2023-04-19 20:52:04.773
32.64657756	2023-04-19 20:52:04.824
35.9352516	2023-04-19 20:52:04.876
34.19137104	2023-04-19 20:52:04.927
33.920246399999996	2023-04-19 20:52:04.977
36.21535151999999	2023-04-19 20:52:05.029
34.56775764	2023-04-19 20:52:05.190
36.36268128	2023-04-19 20:52:05.253
33.0519858	2023-04-19 20:52:05.304
33.3187524	2023-04-19 20:52:05.356
33.77270832	2023-04-19 20:52:05.408
33.7770258	2023-04-19 20:52:05.480
36.96620052	2023-04-19 20:52:05.531
34.427772960000006	2023-04-19 20:52:05.606
34.31249004	2023-04-19 20:52:05.658
36.548483039999994	2023-04-19 20:52:05.773
35.47087152	2023-04-19 20:52:05.827
34.27092228	2023-04-19 20:52:05.878
37.32652704	2023-04-19 20:52:05.928
37.36194984000001	2023-04-19 20:52:05.980
34.41930888	2023-04-19 20:52:06.043
36.98509260000001	2023-04-19 20:52:06.094
37.10999232	2023-04-19 20:52:06.146
35.984372040000004	2023-04-19 20:52:06.222
36.49561188	2023-04-19 20:52:06.273
35.76452952	2023-04-19 20:52:06.329
34.534588680000006	2023-04-19 20:52:06.380
34.23334140000001	2023-04-19 20:52:06.431
70.05397823999999	2023-04-19 20:52:06.482
73.23488532	2023-04-19 20:52:06.535
71.7542664	2023-04-19 20:52:06.586
66.90994296	2023-04-19 20:52:06.638
89.51686164	2023-04-19 20:52:06.689
98.82804252000001	2023-04-19 20:52:06.739
74.33658552	2023-04-19 20:52:06.800
82.86911088	2023-04-19 20:52:06.857
93.30651768	2023-04-19 20:52:06.908
93.27095544	2023-04-19 20:52:06.959
86.57603604	2023-04-19 20:52:07.010
82.86121571999999	2023-04-19 20:52:07.061
81.2231742	2023-04-19 20:52:07.112
82.18469184	2023-04-19 20:52:07.163
71.20088772000001	2023-04-19 20:52:07.221
