67.88259684	2023-04-19 21:24:30.675
35.30679732	2023-04-19 21:24:30.727
35.76017832	2023-04-19 21:24:30.777
32.927655720000004	2023-04-19 21:24:30.838
32.778834360000005	2023-04-19 21:24:30.900
36.005831279999995	2023-04-19 21:24:30.952
34.56843156	2023-04-19 21:24:31.003
32.5654374	2023-04-19 21:24:31.053
35.75832468	2023-04-19 21:24:31.106
36.09624888	2023-04-19 21:24:31.158
34.1978796	2023-04-19 21:24:31.208
35.20855284	2023-04-19 21:24:31.259
35.32231632	2023-04-19 21:24:31.311
34.938812639999995	2023-04-19 21:24:31.361
32.680149	2023-04-19 21:24:31.427
32.16391788000001	2023-04-19 21:24:31.489
37.25985852	2023-04-19 21:24:31.540
34.50152928	2023-04-19 21:24:31.599
33.800745	2023-04-19 21:24:31.787
35.9976978	2023-04-19 21:24:31.869
34.66107984	2023-04-19 21:24:31.920
34.86988344	2023-04-19 21:24:31.971
33.4295184	2023-04-19 21:24:32.041
34.26886248	2023-04-19 21:24:32.093
37.693605479999995	2023-04-19 21:24:32.144
36.036495959999996	2023-04-19 21:24:32.196
36.91828992	2023-04-19 21:24:32.247
34.886989320000005	2023-04-19 21:24:32.297
38.008147799999996	2023-04-19 21:24:32.423
34.45942248	2023-04-19 21:24:32.503
37.47406356	2023-04-19 21:24:32.552
40.13368068	2023-04-19 21:24:32.603
34.4160678	2023-04-19 21:24:32.665
35.06405196	2023-04-19 21:24:32.718
36.2888328	2023-04-19 21:24:32.769
36.6579306	2023-04-19 21:24:32.839
35.444723759999995	2023-04-19 21:24:32.898
36.392437439999995	2023-04-19 21:24:32.950
34.898564040000004	2023-04-19 21:24:33.012
61.73117028	2023-04-19 21:24:33.067
73.83941424	2023-04-19 21:24:33.118
72.31689108	2023-04-19 21:24:33.185
72.16830960000001	2023-04-19 21:24:33.236
69.97101359999999	2023-04-19 21:24:33.287
93.65881404	2023-04-19 21:24:33.348
95.86538291999999	2023-04-19 21:24:33.399
93.30655295999999	2023-04-19 21:24:33.458
75.97034088	2023-04-19 21:24:33.526
92.37391595999999	2023-04-19 21:24:33.577
77.32808760000002	2023-04-19 21:24:33.635
80.421645	2023-04-19 21:24:33.687
74.37542184000002	2023-04-19 21:24:33.738
76.86995135999999	2023-04-19 21:24:33.795
79.174803	2023-04-19 21:24:33.845
