94.54060956000002	2023-04-19 19:24:32.228
35.68447392	2023-04-19 19:24:32.279
34.75122983999999	2023-04-19 19:24:32.330
35.296339440000004	2023-04-19 19:24:32.381
35.84105244	2023-04-19 19:24:32.432
35.09248884000001	2023-04-19 19:24:32.483
34.9159734	2023-04-19 19:24:32.534
35.12559108000001	2023-04-19 19:24:32.585
35.219587080000004	2023-04-19 19:24:32.636
33.60006588	2023-04-19 19:24:32.706
36.32523228	2023-04-19 19:24:32.758
36.46572	2023-04-19 19:24:32.809
36.0090702	2023-04-19 19:24:32.860
35.7871716	2023-04-19 19:24:32.911
37.318462440000005	2023-04-19 19:24:32.962
36.064098599999994	2023-04-19 19:24:33.013
36.09739644	2023-04-19 19:24:33.064
36.32041116	2023-04-19 19:24:33.115
36.37600704	2023-04-19 19:24:33.166
34.06150776	2023-04-19 19:24:33.393
34.30456488	2023-04-19 19:24:33.467
35.73015084	2023-04-19 19:24:33.518
35.47218852	2023-04-19 19:24:33.580
33.1745874	2023-04-19 19:24:33.633
35.82606876	2023-04-19 19:24:33.684
36.91805388	2023-04-19 19:24:33.735
34.79950548	2023-04-19 19:24:33.786
33.92152524	2023-04-19 19:24:33.837
35.82839916	2023-04-19 19:24:33.973
33.41521152	2023-04-19 19:24:34.060
36.919472760000005	2023-04-19 19:24:34.112
37.138974239999996	2023-04-19 19:24:34.164
34.47767508	2023-04-19 19:24:34.235
36.93451956	2023-04-19 19:24:34.286
36.03261924	2023-04-19 19:24:34.340
35.53399524	2023-04-19 19:24:34.419
37.300346999999995	2023-04-19 19:24:34.470
79.4651892	2023-04-19 19:24:34.521
