34.32750156	2023-04-19 23:28:24.630
37.141199639999996	2023-04-19 23:28:24.681
34.696636080000005	2023-04-19 23:28:24.745
35.77215708	2023-04-19 23:28:24.796
37.36475544	2023-04-19 23:28:24.856
36.758877240000004	2023-04-19 23:28:24.908
38.407851120000004	2023-04-19 23:28:24.959
37.65402624	2023-04-19 23:28:25.011
35.813689679999996	2023-04-19 23:28:25.064
36.18417348	2023-04-19 23:28:25.114
37.39886064	2023-04-19 23:28:25.169
34.931828880000005	2023-04-19 23:28:25.220
37.03840152	2023-04-19 23:28:25.270
38.07511836	2023-04-19 23:28:25.326
34.905714839999995	2023-04-19 23:28:25.377
39.06821652000001	2023-04-19 23:28:25.428
37.58368356	2023-04-19 23:28:25.485
35.78733948	2023-04-19 23:28:25.535
36.65199108	2023-04-19 23:28:25.586
38.53339020000001	2023-04-19 23:28:25.794
35.54162064	2023-04-19 23:28:25.867
34.82548764	2023-04-19 23:28:25.918
37.945497120000006	2023-04-19 23:28:25.970
35.304674520000006	2023-04-19 23:28:26.034
35.76979452	2023-04-19 23:28:26.086
38.43048936	2023-04-19 23:28:26.151
35.41432824	2023-04-19 23:28:26.214
35.2481964	2023-04-19 23:28:26.265
38.06334276	2023-04-19 23:28:26.412
35.37204912	2023-04-19 23:28:26.498
38.9847144	2023-04-19 23:28:26.548
40.22669844	2023-04-19 23:28:26.599
37.66394532	2023-04-19 23:28:26.666
37.802846880000004	2023-04-19 23:28:26.716
39.067539	2023-04-19 23:28:26.767
37.9085856	2023-04-19 23:28:26.847
37.18037256	2023-04-19 23:28:26.905
38.46854628	2023-04-19 23:28:26.956
85.86523392	2023-04-19 23:28:27.020
91.0559862	2023-04-19 23:28:27.088
105.92586432	2023-04-19 23:28:27.139
98.29324920000002	2023-04-19 23:28:27.207
