35.755017599999995	2023-04-19 21:26:28.571
32.720097	2023-04-19 21:26:28.632
32.532207	2023-04-19 21:26:28.694
35.34141672	2023-04-19 21:26:28.745
34.16552688	2023-04-19 21:26:28.796
32.013575759999995	2023-04-19 21:26:28.847
34.84677444	2023-04-19 21:26:28.898
34.49768172	2023-04-19 21:26:28.949
33.676887119999996	2023-04-19 21:26:29.000
35.20369416	2023-04-19 21:26:29.051
35.27923584	2023-04-19 21:26:29.102
34.263804359999995	2023-04-19 21:26:29.153
32.63510628	2023-04-19 21:26:29.216
32.037665880000006	2023-04-19 21:26:29.280
35.06560572	2023-04-19 21:26:29.332
33.190747200000004	2023-04-19 21:26:29.390
33.276276960000004	2023-04-19 21:26:29.441
36.61261944	2023-04-19 21:26:29.492
35.52964476	2023-04-19 21:26:29.655
36.95081508	2023-04-19 21:26:29.717
34.53614256	2023-04-19 21:26:29.779
36.386470919999994	2023-04-19 21:26:29.833
33.99393228	2023-04-19 21:26:29.899
33.883537319999995	2023-04-19 21:26:29.951
37.1963316	2023-04-19 21:26:30.015
34.69538736	2023-04-19 21:26:30.078
33.64449924	2023-04-19 21:26:30.130
35.38338552	2023-04-19 21:26:30.269
36.255796440000005	2023-04-19 21:26:30.327
35.136994200000004	2023-04-19 21:26:30.377
38.2858506	2023-04-19 21:26:30.428
36.73924248	2023-04-19 21:26:30.496
34.005303960000006	2023-04-19 21:26:30.548
37.849036440000006	2023-04-19 21:26:30.599
36.674290559999996	2023-04-19 21:26:30.677
37.561652280000004	2023-04-19 21:26:30.731
35.04637416	2023-04-19 21:26:30.783
38.229574920000005	2023-04-19 21:26:30.834
35.3616264	2023-04-19 21:26:30.885
35.17811976	2023-04-19 21:26:30.935
67.51572156	2023-04-19 21:26:30.987
70.85260368	2023-04-19 21:26:31.039
68.67471084	2023-04-19 21:26:31.091
56.57048388	2023-04-19 21:26:31.142
88.67049492	2023-04-19 21:26:31.195
93.35246748	2023-04-19 21:26:31.256
68.54818979999999	2023-04-19 21:26:31.318
86.45690640000001	2023-04-19 21:26:31.369
108.72691044000001	2023-04-19 21:26:31.420
99.26799215999999	2023-04-19 21:26:31.471
100.90491971999998	2023-04-19 21:26:31.522
71.9008278	2023-04-19 21:26:31.581
77.33804027999999	2023-04-19 21:26:31.644
81.76710852	2023-04-19 21:26:31.696
78.36825168	2023-04-19 21:26:31.747
