67.42948644	2023-04-19 20:34:22.361
32.045391720000005	2023-04-19 20:34:22.431
33.76170552000001	2023-04-19 20:34:22.481
34.60399008	2023-04-19 20:34:22.533
33.584983920000006	2023-04-19 20:34:22.584
33.316225679999995	2023-04-19 20:34:22.634
34.00374564	2023-04-19 20:34:22.686
33.24155796	2023-04-19 20:34:22.737
33.114396000000006	2023-04-19 20:34:22.787
34.49606196	2023-04-19 20:34:22.839
31.704664800000003	2023-04-19 20:34:22.890
34.42625508	2023-04-19 20:34:22.940
37.80086052	2023-04-19 20:34:22.994
31.933212	2023-04-19 20:34:23.045
34.6932294	2023-04-19 20:34:23.096
35.43224052000001	2023-04-19 20:34:23.147
33.9808734	2023-04-19 20:34:23.198
33.57212664000001	2023-04-19 20:34:23.251
35.621548080000004	2023-04-19 20:34:23.305
33.390446759999996	2023-04-19 20:34:23.356
33.622333919999996	2023-04-19 20:34:23.538
35.10112908	2023-04-19 20:34:23.606
32.21326992	2023-04-19 20:34:23.657
34.06910304	2023-04-19 20:34:23.722
32.895571319999995	2023-04-19 20:34:23.774
34.46569704	2023-04-19 20:34:23.826
33.5924436	2023-04-19 20:34:23.878
34.908685440000006	2023-04-19 20:34:23.930
33.68326296	2023-04-19 20:34:23.985
33.77624928	2023-04-19 20:34:24.037
35.94820404	2023-04-19 20:34:24.147
35.477889	2023-04-19 20:34:24.203
32.91709656	2023-04-19 20:34:24.257
35.34384372	2023-04-19 20:34:24.307
35.00153304	2023-04-19 20:34:24.359
34.4979186	2023-04-19 20:34:24.412
34.1673138	2023-04-19 20:34:24.463
36.344362679999996	2023-04-19 20:34:24.515
35.14691388000001	2023-04-19 20:34:24.580
35.38777272	2023-04-19 20:34:24.634
34.002466080000005	2023-04-19 20:34:24.685
33.3038406	2023-04-19 20:34:24.746
74.19677316	2023-04-19 20:34:24.797
83.44374791999999	2023-04-19 20:34:24.857
77.12346276	2023-04-19 20:34:24.909
98.96127516	2023-04-19 20:34:24.965
94.49776007999999	2023-04-19 20:34:25.016
93.6981534	2023-04-19 20:34:25.074
87.35954652	2023-04-19 20:34:25.126
80.76321504	2023-04-19 20:34:25.184
