34.4161344	2023-04-19 23:30:23.435
37.83068496	2023-04-19 23:30:23.488
34.772416199999995	2023-04-19 23:30:23.545
35.81861508	2023-04-19 23:30:23.596
37.08191964	2023-04-19 23:30:23.654
35.81142744	2023-04-19 23:30:23.706
37.11387132	2023-04-19 23:30:23.756
38.08403064	2023-04-19 23:30:23.808
36.0620028	2023-04-19 23:30:23.859
37.24906188	2023-04-19 23:30:23.909
37.90710372	2023-04-19 23:30:23.964
35.78568744	2023-04-19 23:30:24.014
36.61295748	2023-04-19 23:30:24.065
38.31925044	2023-04-19 23:30:24.121
35.72215596	2023-04-19 23:30:24.172
36.81285864	2023-04-19 23:30:24.223
37.32831624	2023-04-19 23:30:24.279
36.527561999999996	2023-04-19 23:30:24.330
36.51659964	2023-04-19 23:30:24.381
37.702882800000005	2023-04-19 23:30:24.564
35.24492316	2023-04-19 23:30:24.626
35.2928292	2023-04-19 23:30:24.677
35.65214904	2023-04-19 23:30:24.729
34.77197556	2023-04-19 23:30:24.783
35.87488932	2023-04-19 23:30:24.853
36.36460308	2023-04-19 23:30:24.904
37.65760692	2023-04-19 23:30:24.973
35.0864886	2023-04-19 23:30:25.034
36.51700512	2023-04-19 23:30:25.184
37.41202068	2023-04-19 23:30:25.249
37.8743748	2023-04-19 23:30:25.299
36.39169836	2023-04-19 23:30:25.363
38.481937200000004	2023-04-19 23:30:25.429
39.201752039999995	2023-04-19 23:30:25.480
38.78076192	2023-04-19 23:30:25.550
38.41429884	2023-04-19 23:30:25.616
39.72041256	2023-04-19 23:30:25.669
39.198783	2023-04-19 23:30:25.721
79.9362186	2023-04-19 23:30:25.783
81.52166016	2023-04-19 23:30:25.835
91.83544452000001	2023-04-19 23:30:25.906
92.61733896	2023-04-19 23:30:25.957
92.00923308	2023-04-19 23:30:26.016
37.823429159999996	2023-04-19 23:30:26.080
