38.1750546	2023-04-19 23:31:21.398
38.341853519999994	2023-04-19 23:31:21.454
35.52201948	2023-04-19 23:31:21.505
34.582704	2023-04-19 23:31:21.564
37.21168188	2023-04-19 23:31:21.616
37.99934196	2023-04-19 23:31:21.670
35.20093044	2023-04-19 23:31:21.720
40.09801716	2023-04-19 23:31:21.771
37.961183160000004	2023-04-19 23:31:21.822
35.44192344	2023-04-19 23:31:21.873
37.90973316	2023-04-19 23:31:21.924
38.37765348	2023-04-19 23:31:21.975
35.834503559999995	2023-04-19 23:31:22.026
37.63236696	2023-04-19 23:31:22.077
38.37927096000001	2023-04-19 23:31:22.128
35.86686216	2023-04-19 23:31:22.179
38.70511896	2023-04-19 23:31:22.230
39.1429818	2023-04-19 23:31:22.283
36.74487324	2023-04-19 23:31:22.334
39.3126492	2023-04-19 23:31:22.526
37.53719028	2023-04-19 23:31:22.589
36.71585904	2023-04-19 23:31:22.640
36.4661262	2023-04-19 23:31:22.704
37.68331404	2023-04-19 23:31:22.756
36.81572567999999	2023-04-19 23:31:22.809
39.45941148	2023-04-19 23:31:22.860
37.50679404	2023-04-19 23:31:22.911
36.68195328	2023-04-19 23:31:22.962
35.8273182	2023-04-19 23:31:23.013
39.11801388	2023-04-19 23:31:23.185
37.50446508	2023-04-19 23:31:23.239
39.83279988	2023-04-19 23:31:23.291
40.380341040000005	2023-04-19 23:31:23.343
38.410920600000004	2023-04-19 23:31:23.396
38.61797244	2023-04-19 23:31:23.446
39.5355252	2023-04-19 23:31:23.500
37.9479234	2023-04-19 23:31:23.570
38.54270436	2023-04-19 23:31:23.623
37.571201040000005	2023-04-19 23:31:23.673
36.41366208	2023-04-19 23:31:23.733
88.21789356000001	2023-04-19 23:31:23.783
96.00152316	2023-04-19 23:31:23.846
94.85322624	2023-04-19 23:31:23.898
90.11629956	2023-04-19 23:31:23.959
