54.47356416	2023-04-19 19:27:29.641
33.622032600000004	2023-04-19 19:27:29.692
35.30524944	2023-04-19 19:27:29.743
35.41914792	2023-04-19 19:27:29.795
31.50648324	2023-04-19 19:27:29.853
34.754267039999995	2023-04-19 19:27:29.904
33.86177304	2023-04-19 19:27:29.961
31.863538560000002	2023-04-19 19:27:30.011
34.21792068	2023-04-19 19:27:30.062
31.704732240000006	2023-04-19 19:27:30.121
33.294526559999994	2023-04-19 19:27:30.171
34.78243416	2023-04-19 19:27:30.231
32.47232136	2023-04-19 19:27:30.283
33.95921472	2023-04-19 19:27:30.335
34.68965088000001	2023-04-19 19:27:30.386
34.09690140000001	2023-04-19 19:27:30.438
36.51453984	2023-04-19 19:27:30.488
36.408163200000004	2023-04-19 19:27:30.539
33.169729440000005	2023-04-19 19:27:30.592
35.4577782	2023-04-19 19:27:30.643
34.67119596	2023-04-19 19:27:30.868
31.54555128	2023-04-19 19:27:30.919
31.811651519999998	2023-04-19 19:27:30.970
32.50096368	2023-04-19 19:27:31.041
35.82674712	2023-04-19 19:27:31.093
32.97340224	2023-04-19 19:27:31.143
34.887764280000006	2023-04-19 19:27:31.199
32.998640159999994	2023-04-19 19:27:31.256
33.50633747999999	2023-04-19 19:27:31.306
35.79041124	2023-04-19 19:27:31.407
34.64059728	2023-04-19 19:27:31.462
32.479945920000006	2023-04-19 19:27:31.513
34.54363068	2023-04-19 19:27:31.564
35.590776240000004	2023-04-19 19:27:31.616
33.351612599999996	2023-04-19 19:27:31.681
35.09563032	2023-04-19 19:27:31.732
35.68420404	2023-04-19 19:27:31.786
34.00614492	2023-04-19 19:27:31.866
33.687787320000005	2023-04-19 19:27:31.916
84.18987624	2023-04-19 19:27:31.967
