35.28544224	2023-04-19 23:33:20.185
38.36662139999999	2023-04-19 23:33:20.236
34.66080623999999	2023-04-19 23:33:20.292
35.99925084	2023-04-19 23:33:20.343
38.57974776	2023-04-19 23:33:20.403
35.140739759999995	2023-04-19 23:33:20.456
37.83938964	2023-04-19 23:33:20.506
38.361863160000006	2023-04-19 23:33:20.558
35.46578052	2023-04-19 23:33:20.608
37.432772400000005	2023-04-19 23:33:20.659
38.59729128	2023-04-19 23:33:20.711
36.114843359999995	2023-04-19 23:33:20.762
37.68527184	2023-04-19 23:33:20.812
38.889264239999996	2023-04-19 23:33:20.865
36.59790996	2023-04-19 23:33:20.917
36.93678168	2023-04-19 23:33:20.968
38.33858544	2023-04-19 23:33:21.024
36.700843080000006	2023-04-19 23:33:21.075
36.047632199999995	2023-04-19 23:33:21.126
38.544488279999996	2023-04-19 23:33:21.285
39.63199032	2023-04-19 23:33:21.362
37.235906279999995	2023-04-19 23:33:21.414
36.69487356	2023-04-19 23:33:21.468
37.149636	2023-04-19 23:33:21.520
36.38964	2023-04-19 23:33:21.572
38.63183712	2023-04-19 23:33:21.639
37.85875464	2023-04-19 23:33:21.698
36.28889796	2023-04-19 23:33:21.752
36.420879600000006	2023-04-19 23:33:21.822
38.17441152	2023-04-19 23:33:21.961
38.25717528	2023-04-19 23:33:22.011
39.08572632	2023-04-19 23:33:22.063
37.15294008	2023-04-19 23:33:22.129
38.18247383999999	2023-04-19 23:33:22.179
40.313571360000005	2023-04-19 23:33:22.231
37.373324520000004	2023-04-19 23:33:22.281
38.413212	2023-04-19 23:33:22.348
38.3038686	2023-04-19 23:33:22.415
39.04439616	2023-04-19 23:33:22.470
78.56089476	2023-04-19 23:33:22.521
77.3743746	2023-04-19 23:33:22.582
80.99355216000001	2023-04-19 23:33:22.641
102.83109264000001	2023-04-19 23:33:22.692
94.61506967999999	2023-04-19 23:33:22.746
