94.90893084000001	2023-04-19 23:34:18.564
38.556601199999996	2023-04-19 23:34:18.615
39.44024964	2023-04-19 23:34:18.666
39.47618232	2023-04-19 23:34:18.717
37.29470808	2023-04-19 23:34:18.770
36.211970279999996	2023-04-19 23:34:18.832
37.79879699999999	2023-04-19 23:34:18.883
38.3871684	2023-04-19 23:34:18.939
35.84803464	2023-04-19 23:34:18.990
36.57354768	2023-04-19 23:34:19.054
38.14782828	2023-04-19 23:34:19.105
38.60346624	2023-04-19 23:34:19.164
36.508804919999996	2023-04-19 23:34:19.217
35.53537968	2023-04-19 23:34:19.283
39.85145651999999	2023-04-19 23:34:19.335
38.54000591999999	2023-04-19 23:34:19.397
36.371763	2023-04-19 23:34:19.449
36.07452048	2023-04-19 23:34:19.513
38.74557516	2023-04-19 23:34:19.564
38.85336912	2023-04-19 23:34:19.771
36.88333932	2023-04-19 23:34:19.824
36.87179976	2023-04-19 23:34:19.894
35.95967616	2023-04-19 23:34:19.947
37.107628919999996	2023-04-19 23:34:19.998
39.74227955999999	2023-04-19 23:34:20.049
41.46480432	2023-04-19 23:34:20.114
37.49822208	2023-04-19 23:34:20.184
40.42413348	2023-04-19 23:34:20.234
39.31130004	2023-04-19 23:34:20.373
38.78359536	2023-04-19 23:34:20.423
39.861679079999995	2023-04-19 23:34:20.475
37.07314908	2023-04-19 23:34:20.542
37.356251639999996	2023-04-19 23:34:20.594
39.79143972	2023-04-19 23:34:20.646
38.908727400000004	2023-04-19 23:34:20.724
40.68385428	2023-04-19 23:34:20.775
40.62808752	2023-04-19 23:34:20.843
36.73913832	2023-04-19 23:34:20.895
87.98239788000001	2023-04-19 23:34:20.963
89.53447632	2023-04-19 23:34:21.023
94.13226683999999	2023-04-19 23:34:21.074
94.13989368	2023-04-19 23:34:21.125
