40.52413656	2023-04-19 23:35:16.953
40.37720712	2023-04-19 23:35:17.007
38.683831440000006	2023-04-19 23:35:17.059
39.77456628	2023-04-19 23:35:17.109
39.81603432	2023-04-19 23:35:17.161
37.91607444	2023-04-19 23:35:17.211
38.95991664	2023-04-19 23:35:17.265
39.290348279999996	2023-04-19 23:35:17.316
36.44068752	2023-04-19 23:35:17.384
39.738738600000005	2023-04-19 23:35:17.435
39.41521656	2023-04-19 23:35:17.499
36.731210159999996	2023-04-19 23:35:17.550
39.8098572	2023-04-19 23:35:17.617
38.32657512	2023-04-19 23:35:17.668
38.895102599999994	2023-04-19 23:35:17.718
39.494667240000005	2023-04-19 23:35:17.777
37.16130744	2023-04-19 23:35:17.829
37.88490156	2023-04-19 23:35:17.882
40.031654520000004	2023-04-19 23:35:18.054
40.018968959999995	2023-04-19 23:35:18.132
36.84325488	2023-04-19 23:35:18.183
36.207012600000006	2023-04-19 23:35:18.234
37.12929132	2023-04-19 23:35:18.286
36.79926156	2023-04-19 23:35:18.345
37.47271512	2023-04-19 23:35:18.397
40.0930926	2023-04-19 23:35:18.448
36.099725400000004	2023-04-19 23:35:18.526
36.8347878	2023-04-19 23:35:18.578
38.87283312	2023-04-19 23:35:18.727
35.47296204	2023-04-19 23:35:18.811
40.23425556	2023-04-19 23:35:18.861
40.25203524	2023-04-19 23:35:18.912
36.32736036000001	2023-04-19 23:35:18.974
37.745561519999995	2023-04-19 23:35:19.027
39.8810448	2023-04-19 23:35:19.078
39.357861359999994	2023-04-19 23:35:19.161
38.53753836	2023-04-19 23:35:19.214
39.81670668	2023-04-19 23:35:19.264
89.71025424000001	2023-04-19 23:35:19.329
95.89888836	2023-04-19 23:35:19.399
99.60510599999999	2023-04-19 23:35:19.450
96.17024844	2023-04-19 23:35:19.516
