67.1805954	2023-04-19 20:07:49.281
25.774330320000004	2023-04-19 20:07:49.339
28.506851400000002	2023-04-19 20:07:49.398
25.629863160000003	2023-04-19 20:07:49.450
27.7113306	2023-04-19 20:07:49.500
28.46211672	2023-04-19 20:07:49.551
28.07739792	2023-04-19 20:07:49.602
28.47530376	2023-04-19 20:07:49.653
27.626578920000004	2023-04-19 20:07:49.704
26.19262116	2023-04-19 20:07:49.755
28.60490028	2023-04-19 20:07:49.806
29.316475920000002	2023-04-19 20:07:49.857
27.017091599999997	2023-04-19 20:07:49.908
28.70368524	2023-04-19 20:07:49.959
28.11565188	2023-04-19 20:07:50.010
28.078407600000002	2023-04-19 20:07:50.061
28.735095	2023-04-19 20:07:50.112
29.197041959999996	2023-04-19 20:07:50.163
26.743200360000003	2023-04-19 20:07:50.214
28.073143439999996	2023-04-19 20:07:50.410
28.95186432	2023-04-19 20:07:50.491
27.483159	2023-04-19 20:07:50.543
26.946987240000002	2023-04-19 20:07:50.594
27.21422232	2023-04-19 20:07:50.658
26.54293044	2023-04-19 20:07:50.709
29.200819799999998	2023-04-19 20:07:50.760
29.288004479999998	2023-04-19 20:07:50.811
27.79952124	2023-04-19 20:07:50.884
29.78683008	2023-04-19 20:07:51.046
26.448025200000004	2023-04-19 20:07:51.127
29.73490632	2023-04-19 20:07:51.178
30.179275320000002	2023-04-19 20:07:51.244
26.830654199999998	2023-04-19 20:07:51.306
29.120960519999997	2023-04-19 20:07:51.357
29.98942884	2023-04-19 20:07:51.420
29.32359528	2023-04-19 20:07:51.511
29.488141799999998	2023-04-19 20:07:51.563
65.89725048	2023-04-19 20:07:51.629
57.86162652	2023-04-19 20:07:51.691
71.93301636000001	2023-04-19 20:07:51.742
95.13444228	2023-04-19 20:07:51.809
94.66129151999999	2023-04-19 20:07:51.859
84.17334611999999	2023-04-19 20:07:51.910
79.14420276	2023-04-19 20:07:51.972
