35.30872596	2023-04-19 20:42:13.328
33.77621412	2023-04-19 20:42:13.381
35.45194427999999	2023-04-19 20:42:13.432
35.47768512	2023-04-19 20:42:13.483
35.55829008	2023-04-19 20:42:13.549
34.83681876	2023-04-19 20:42:13.600
36.082112880000004	2023-04-19 20:42:13.666
32.05871964	2023-04-19 20:42:13.717
36.095170319999994	2023-04-19 20:42:13.781
34.62258528	2023-04-19 20:42:13.833
34.48178868	2023-04-19 20:42:13.883
35.2586874	2023-04-19 20:42:13.935
31.51582956	2023-04-19 20:42:13.986
32.84536632	2023-04-19 20:42:14.036
35.6880486	2023-04-19 20:42:14.093
33.66015468	2023-04-19 20:42:14.146
34.1287818	2023-04-19 20:42:14.197
35.69557044	2023-04-19 20:42:14.252
34.02267876	2023-04-19 20:42:14.304
34.509386160000005	2023-04-19 20:42:14.479
33.80337228	2023-04-19 20:42:14.567
34.21221864	2023-04-19 20:42:14.618
35.67998328	2023-04-19 20:42:14.670
33.34743072	2023-04-19 20:42:14.738
34.07658888	2023-04-19 20:42:14.789
35.25676176	2023-04-19 20:42:14.840
33.54065028	2023-04-19 20:42:14.891
33.77746512	2023-04-19 20:42:14.942
34.795489319999994	2023-04-19 20:42:15.067
35.973409679999996	2023-04-19 20:42:15.120
33.21119688	2023-04-19 20:42:15.174
36.173714759999996	2023-04-19 20:42:15.225
37.65284496	2023-04-19 20:42:15.290
34.45220268	2023-04-19 20:42:15.358
35.74030584	2023-04-19 20:42:15.409
37.43907852	2023-04-19 20:42:15.472
36.27344496	2023-04-19 20:42:15.557
35.9790786	2023-04-19 20:42:15.625
61.23528384	2023-04-19 20:42:15.677
83.09671055999999	2023-04-19 20:42:15.728
61.42621188	2023-04-19 20:42:15.778
78.75580368	2023-04-19 20:42:15.829
85.0485582	2023-04-19 20:42:15.880
105.37396668000001	2023-04-19 20:42:15.931
89.65667916	2023-04-19 20:42:15.998
90.07409016000001	2023-04-19 20:42:16.049
