33.22165548	2023-04-19 19:32:25.349
29.041811880000004	2023-04-19 19:32:25.415
33.012913319999996	2023-04-19 19:32:25.466
32.157740759999996	2023-04-19 19:32:25.525
29.969422199999997	2023-04-19 19:32:25.576
35.15966628	2023-04-19 19:32:25.627
30.183526080000004	2023-04-19 19:32:25.689
31.576627440000003	2023-04-19 19:32:25.740
32.04049776	2023-04-19 19:32:25.797
32.1950892	2023-04-19 19:32:25.849
32.677149359999994	2023-04-19 19:32:25.900
32.00885339999999	2023-04-19 19:32:25.951
32.794052040000004	2023-04-19 19:32:26.002
32.960721240000005	2023-04-19 19:32:26.053
33.7745928	2023-04-19 19:32:26.107
32.69718744000001	2023-04-19 19:32:26.158
32.24690964	2023-04-19 19:32:26.208
33.2094084	2023-04-19 19:32:26.265
31.98266892	2023-04-19 19:32:26.316
31.75925484	2023-04-19 19:32:26.529
30.79325256	2023-04-19 19:32:26.597
30.629483399999998	2023-04-19 19:32:26.648
30.618788640000002	2023-04-19 19:32:26.701
30.50984628	2023-04-19 19:32:26.752
33.3160908	2023-04-19 19:32:26.803
32.6874048	2023-04-19 19:32:26.854
32.44924224	2023-04-19 19:32:26.905
29.828561999999994	2023-04-19 19:32:26.963
30.409065960000003	2023-04-19 19:32:27.014
28.682462159999996	2023-04-19 19:32:27.173
32.953299720000004	2023-04-19 19:32:27.224
32.499043320000006	2023-04-19 19:32:27.285
32.7830844	2023-04-19 19:32:27.351
34.02473112	2023-04-19 19:32:27.402
32.700156359999994	2023-04-19 19:32:27.495
32.71749828	2023-04-19 19:32:27.548
32.563315319999994	2023-04-19 19:32:27.599
49.662137519999995	2023-04-19 19:32:27.655
