37.88308164	2023-04-19 22:45:07.953
39.438631439999995	2023-04-19 22:45:08.004
39.42554328	2023-04-19 22:45:08.055
39.32385516	2023-04-19 22:45:08.106
39.70614612	2023-04-19 22:45:08.157
39.296523119999996	2023-04-19 22:45:08.208
39.04628736	2023-04-19 22:45:08.259
39.23900232	2023-04-19 22:45:08.310
39.866539200000005	2023-04-19 22:45:08.361
36.21035196	2023-04-19 22:45:08.440
37.628589840000004	2023-04-19 22:45:08.491
39.64419768	2023-04-19 22:45:08.542
37.991280360000005	2023-04-19 22:45:08.593
36.801453959999996	2023-04-19 22:45:08.644
39.28154316	2023-04-19 22:45:08.695
36.69197052	2023-04-19 22:45:08.747
37.0281438	2023-04-19 22:45:08.797
39.90058068	2023-04-19 22:45:08.864
37.85892096	2023-04-19 22:45:08.915
40.3807128	2023-04-19 22:45:09.126
37.26023112	2023-04-19 22:45:09.177
37.93813932	2023-04-19 22:45:09.246
37.98328332	2023-04-19 22:45:09.297
38.81655888	2023-04-19 22:45:09.354
38.579172119999996	2023-04-19 22:45:09.404
41.31982596	2023-04-19 22:45:09.473
38.44348008	2023-04-19 22:45:09.534
38.42782175999999	2023-04-19 22:45:09.585
40.79333484	2023-04-19 22:45:09.736
37.05652224	2023-04-19 22:45:09.788
41.28109308	2023-04-19 22:45:09.838
41.920071240000006	2023-04-19 22:45:09.889
39.294096	2023-04-19 22:45:09.954
40.04251644	2023-04-19 22:45:10.006
40.52967132	2023-04-19 22:45:10.057
39.509886359999996	2023-04-19 22:45:10.144
40.29151248	2023-04-19 22:45:10.197
40.79951124	2023-04-19 22:45:10.248
38.5928022	2023-04-19 22:45:10.300
38.37741804	2023-04-19 22:45:10.351
39.48552708	2023-04-19 22:45:10.401
41.52043992	2023-04-19 22:45:10.452
76.86374424	2023-04-19 22:45:10.504
63.43783727999999	2023-04-19 22:45:10.554
82.88925156	2023-04-19 22:45:10.606
88.57896432	2023-04-19 22:45:10.657
92.65560048	2023-04-19 22:45:10.707
88.63685760000001	2023-04-19 22:45:10.759
74.66911284	2023-04-19 22:45:10.809
101.97355595999998	2023-04-19 22:45:10.860
99.7019706	2023-04-19 22:45:10.913
99.70952627999999	2023-04-19 22:45:10.972
94.39532772	2023-04-19 22:45:11.028
88.1378334	2023-04-19 22:45:11.082
65.56195488	2023-04-19 22:45:11.133
84.39092339999999	2023-04-19 22:45:11.184
76.96856988	2023-04-19 22:45:11.235
84.43603068	2023-04-19 22:45:11.286
90.51774852	2023-04-19 22:45:11.337
83.83106772	2023-04-19 22:45:11.388
82.92373296	2023-04-19 22:45:11.439
83.57154624	2023-04-19 22:45:11.490
78.3638952	2023-04-19 22:45:11.541
75.89814372	2023-04-19 22:45:11.594
77.79408371999999	2023-04-19 22:45:11.662
74.22224556	2023-04-19 22:45:11.714
77.7634476	2023-04-19 22:45:11.782
70.42790255999999	2023-04-19 22:45:11.835
80.06138376000001	2023-04-19 22:45:11.885
73.07206284	2023-04-19 22:45:11.937
71.71499604	2023-04-19 22:45:11.987
80.05126307999998	2023-04-19 22:45:12.038
