84.74500896	2023-04-19 23:04:49.210
37.57679952	2023-04-19 23:04:49.260
37.33142244	2023-04-19 23:04:49.311
38.10791628	2023-04-19 23:04:49.363
38.63497932	2023-04-19 23:04:49.413
36.7042536	2023-04-19 23:04:49.472
35.55481296	2023-04-19 23:04:49.536
38.50660164	2023-04-19 23:04:49.587
36.711911879999995	2023-04-19 23:04:49.645
34.98682368	2023-04-19 23:04:49.696
39.70698564	2023-04-19 23:04:49.748
37.157799479999994	2023-04-19 23:04:49.799
37.04696904	2023-04-19 23:04:49.849
38.77451736	2023-04-19 23:04:49.901
37.91951796	2023-04-19 23:04:49.952
36.5381226	2023-04-19 23:04:50.002
39.123850680000004	2023-04-19 23:04:50.054
37.01937156	2023-04-19 23:04:50.105
36.11790828	2023-04-19 23:04:50.155
39.26744232	2023-04-19 23:04:50.213
39.8089458	2023-04-19 23:04:50.424
36.21790908	2023-04-19 23:04:50.475
37.42808232	2023-04-19 23:04:50.532
37.11677736	2023-04-19 23:04:50.587
37.24589496	2023-04-19 23:04:50.649
37.94698116	2023-04-19 23:04:50.702
41.016147000000004	2023-04-19 23:04:50.753
37.83409164	2023-04-19 23:04:50.803
37.657908240000005	2023-04-19 23:04:50.867
40.14083075999999	2023-04-19 23:04:51.006
39.99876072	2023-04-19 23:04:51.056
39.83661216	2023-04-19 23:04:51.108
39.03339564	2023-04-19 23:04:51.169
37.8288942	2023-04-19 23:04:51.222
40.71931392	2023-04-19 23:04:51.273
37.90733976	2023-04-19 23:04:51.354
38.831775	2023-04-19 23:04:51.406
39.37952376	2023-04-19 23:04:51.480
38.46007764	2023-04-19 23:04:51.530
85.91422464	2023-04-19 23:04:51.582
91.83703284	2023-04-19 23:04:51.642
92.17451711999999	2023-04-19 23:04:51.693
101.82217176	2023-04-19 23:04:51.752
