37.34221464	2023-04-19 22:46:07.150
36.680433959999995	2023-04-19 22:46:07.200
38.6086614	2023-04-19 22:46:07.252
38.29904448	2023-04-19 22:46:07.303
36.76204944	2023-04-19 22:46:07.353
37.66678236	2023-04-19 22:46:07.405
37.74791892	2023-04-19 22:46:07.456
38.45174184	2023-04-19 22:46:07.507
39.43289352	2023-04-19 22:46:07.558
38.63167152	2023-04-19 22:46:07.609
39.41528628	2023-04-19 22:46:07.661
40.281623520000004	2023-04-19 22:46:07.711
42.438635760000004	2023-04-19 22:46:07.764
39.704015160000004	2023-04-19 22:46:07.815
39.57844823999999	2023-04-19 22:46:07.866
39.30586944	2023-04-19 22:46:07.917
39.33333648	2023-04-19 22:46:07.968
40.511378279999995	2023-04-19 22:46:08.019
37.874679119999996	2023-04-19 22:46:08.073
37.24967496	2023-04-19 22:46:08.240
39.639173400000004	2023-04-19 22:46:08.328
36.865081440000004	2023-04-19 22:46:08.379
37.92204768	2023-04-19 22:46:08.430
37.74984228	2023-04-19 22:46:08.498
37.43000352000001	2023-04-19 22:46:08.550
40.869755039999994	2023-04-19 22:46:08.601
41.186595600000004	2023-04-19 22:46:08.652
38.85140832	2023-04-19 22:46:08.706
38.582008439999996	2023-04-19 22:46:08.756
40.94350764	2023-04-19 22:46:08.869
39.9693066	2023-04-19 22:46:08.940
40.53017424	2023-04-19 22:46:08.991
41.4137208	2023-04-19 22:46:09.042
41.35160976	2023-04-19 22:46:09.120
40.0947798	2023-04-19 22:46:09.172
41.78970708	2023-04-19 22:46:09.223
40.92812508	2023-04-19 22:46:09.307
40.527304199999996	2023-04-19 22:46:09.358
39.74885628	2023-04-19 22:46:09.410
41.323504080000006	2023-04-19 22:46:09.461
39.019427519999994	2023-04-19 22:46:09.513
38.00754144	2023-04-19 22:46:09.565
39.17098403999999	2023-04-19 22:46:09.616
39.53603796	2023-04-19 22:46:09.676
78.30977748	2023-04-19 22:46:09.728
66.8947644	2023-04-19 22:46:09.790
76.86330348	2023-04-19 22:46:09.843
89.23804872	2023-04-19 22:46:09.893
86.25026004	2023-04-19 22:46:09.945
82.21876776	2023-04-19 22:46:09.996
75.85640952	2023-04-19 22:46:10.046
98.65377720000001	2023-04-19 22:46:10.098
98.08248468	2023-04-19 22:46:10.149
96.27996504	2023-04-19 22:46:10.199
100.37053404	2023-04-19 22:46:10.251
85.50220680000001	2023-04-19 22:46:10.324
73.19571156	2023-04-19 22:46:10.375
86.72121528	2023-04-19 22:46:10.437
76.27446504000001	2023-04-19 22:46:10.488
92.62789884	2023-04-19 22:46:10.550
84.07793339999999	2023-04-19 22:46:10.603
71.98210596	2023-04-19 22:46:10.653
81.20313239999999	2023-04-19 22:46:10.705
85.78217028	2023-04-19 22:46:10.756
86.93198052000001	2023-04-19 22:46:10.806
64.46396652	2023-04-19 22:46:10.858
79.00408320000001	2023-04-19 22:46:10.909
79.95055632	2023-04-19 22:46:10.959
81.24416208	2023-04-19 22:46:11.011
67.36818119999998	2023-04-19 22:46:11.062
82.3778754	2023-04-19 22:46:11.112
82.13229215999999	2023-04-19 22:46:11.164
79.02162743999999	2023-04-19 22:46:11.215
83.354439	2023-04-19 22:46:11.265
