36.8361378	2023-04-19 20:43:12.489
36.15168432	2023-04-19 20:43:12.540
36.11804472000001	2023-04-19 20:43:12.591
32.60632908	2023-04-19 20:43:12.649
35.66655564	2023-04-19 20:43:12.700
35.93002116	2023-04-19 20:43:12.755
35.07370332	2023-04-19 20:43:12.807
34.76549928	2023-04-19 20:43:12.864
35.728332359999996	2023-04-19 20:43:12.915
35.60649984	2023-04-19 20:43:12.976
32.94466104000001	2023-04-19 20:43:13.029
36.08926824	2023-04-19 20:43:13.081
36.45020328	2023-04-19 20:43:13.132
34.153886879999995	2023-04-19 20:43:13.185
36.911543879999996	2023-04-19 20:43:13.236
36.333571199999994	2023-04-19 20:43:13.287
34.193461559999996	2023-04-19 20:43:13.338
36.23451036	2023-04-19 20:43:13.389
36.296555520000005	2023-04-19 20:43:13.440
36.07748952	2023-04-19 20:43:13.493
36.72392292	2023-04-19 20:43:13.642
37.0216998	2023-04-19 20:43:13.722
34.01191512	2023-04-19 20:43:13.774
33.86811804	2023-04-19 20:43:13.825
33.77685648	2023-04-19 20:43:13.877
34.25780268	2023-04-19 20:43:13.927
34.57410048	2023-04-19 20:43:13.988
36.964714920000006	2023-04-19 20:43:14.039
34.720359	2023-04-19 20:43:14.124
34.36448052	2023-04-19 20:43:14.177
36.93401352	2023-04-19 20:43:14.321
32.77151484	2023-04-19 20:43:14.376
37.4815248	2023-04-19 20:43:14.427
36.540620159999996	2023-04-19 20:43:14.481
34.95065568	2023-04-19 20:43:14.547
38.2914162	2023-04-19 20:43:14.598
37.57808052	2023-04-19 20:43:14.650
35.24785764	2023-04-19 20:43:14.703
35.902590839999995	2023-04-19 20:43:14.756
37.27912764	2023-04-19 20:43:14.829
33.60384372	2023-04-19 20:43:14.881
67.73151108	2023-04-19 20:43:14.939
70.90975716	2023-04-19 20:43:14.991
80.74526676	2023-04-19 20:43:15.042
100.6154802	2023-04-19 20:43:15.092
103.04438460000001	2023-04-19 20:43:15.144
103.13854704	2023-04-19 20:43:15.197
95.59942356	2023-04-19 20:43:15.248
