49.55899836	2023-04-19 23:38:14.341
38.49159084	2023-04-19 23:38:14.392
38.82070764	2023-04-19 23:38:14.446
34.5552714	2023-04-19 23:38:14.504
37.68287628	2023-04-19 23:38:14.555
37.96914732	2023-04-19 23:38:14.621
34.78253616	2023-04-19 23:38:14.673
38.365913760000005	2023-04-19 23:38:14.724
38.206499640000004	2023-04-19 23:38:14.782
35.78001708	2023-04-19 23:38:14.833
38.265033	2023-04-19 23:38:14.884
39.177863519999995	2023-04-19 23:38:14.952
36.53289216	2023-04-19 23:38:15.004
37.67875968	2023-04-19 23:38:15.055
38.829750479999994	2023-04-19 23:38:15.121
35.40663468	2023-04-19 23:38:15.172
38.212102560000005	2023-04-19 23:38:15.223
38.680358639999994	2023-04-19 23:38:15.290
38.1332478	2023-04-19 23:38:15.341
38.76355572	2023-04-19 23:38:15.537
36.92581188	2023-04-19 23:38:15.640
36.11207064	2023-04-19 23:38:15.690
36.67389024	2023-04-19 23:38:15.743
36.37081619999999	2023-04-19 23:38:15.796
38.47418148	2023-04-19 23:38:15.846
37.243934880000005	2023-04-19 23:38:15.899
37.97984352	2023-04-19 23:38:15.953
35.74816656	2023-04-19 23:38:16.015
36.2708784	2023-04-19 23:38:16.065
37.62454152	2023-04-19 23:38:16.211
36.440925959999994	2023-04-19 23:38:16.265
39.612248279999996	2023-04-19 23:38:16.315
39.223983360000005	2023-04-19 23:38:16.384
36.484649520000005	2023-04-19 23:38:16.456
38.82975264	2023-04-19 23:38:16.506
39.43266108	2023-04-19 23:38:16.567
37.64933628	2023-04-19 23:38:16.620
38.75265552	2023-04-19 23:38:16.682
39.81838956	2023-04-19 23:38:16.733
82.48762644	2023-04-19 23:38:16.807
94.78609008000001	2023-04-19 23:38:16.858
103.88252111999999	2023-04-19 23:38:16.910
94.05457308000001	2023-04-19 23:38:16.961
