75.62361383999999	2023-04-19 20:45:11.292
35.58318768	2023-04-19 20:45:11.344
33.18346152	2023-04-19 20:45:11.400
37.423254480000004	2023-04-19 20:45:11.451
36.227527439999996	2023-04-19 20:45:11.505
35.00213724	2023-04-19 20:45:11.555
37.53189396	2023-04-19 20:45:11.607
38.0699928	2023-04-19 20:45:11.660
36.076006199999995	2023-04-19 20:45:11.711
35.83619232	2023-04-19 20:45:11.762
36.04648164	2023-04-19 20:45:11.816
36.47618088	2023-04-19 20:45:11.866
36.0555288	2023-04-19 20:45:11.925
36.16184016	2023-04-19 20:45:11.989
37.18991904	2023-04-19 20:45:12.043
34.0527708	2023-04-19 20:45:12.107
33.28747992	2023-04-19 20:45:12.157
36.09024408	2023-04-19 20:45:12.208
36.4661232	2023-04-19 20:45:12.260
33.45117636	2023-04-19 20:45:12.502
33.88846572	2023-04-19 20:45:12.566
33.29310912	2023-04-19 20:45:12.616
36.255295800000006	2023-04-19 20:45:12.668
33.65283143999999	2023-04-19 20:45:12.718
36.96289272	2023-04-19 20:45:12.770
34.46053416	2023-04-19 20:45:12.823
36.102558	2023-04-19 20:45:12.874
35.236357080000005	2023-04-19 20:45:12.941
35.040840239999994	2023-04-19 20:45:13.079
33.71278751999999	2023-04-19 20:45:13.157
36.648145799999995	2023-04-19 20:45:13.208
35.43436476	2023-04-19 20:45:13.284
34.64505264	2023-04-19 20:45:13.336
37.867256160000004	2023-04-19 20:45:13.402
35.745231239999995	2023-04-19 20:45:13.474
36.64500588	2023-04-19 20:45:13.525
34.616341320000004	2023-04-19 20:45:13.575
33.55903932	2023-04-19 20:45:13.636
66.57620508000001	2023-04-19 20:45:13.688
86.32232532	2023-04-19 20:45:13.738
63.28378847999999	2023-04-19 20:45:13.792
91.07457612	2023-04-19 20:45:13.843
75.26098848	2023-04-19 20:45:13.900
93.11791847999999	2023-04-19 20:45:13.950
89.66021712	2023-04-19 20:45:14.009
92.58491436	2023-04-19 20:45:14.060
79.64683836	2023-04-19 20:45:14.112
