34.87359828	2023-04-19 19:38:18.116
33.88545996	2023-04-19 19:38:18.167
35.077210560000005	2023-04-19 19:38:18.218
34.68158868	2023-04-19 19:38:18.269
30.64793688	2023-04-19 19:38:18.327
34.782232560000004	2023-04-19 19:38:18.378
32.068470000000005	2023-04-19 19:38:18.442
32.847728280000005	2023-04-19 19:38:18.493
35.116513919999996	2023-04-19 19:38:18.552
32.58396276	2023-04-19 19:38:18.603
35.535109920000004	2023-04-19 19:38:18.654
34.36201896	2023-04-19 19:38:18.705
33.58508508	2023-04-19 19:38:18.756
35.98433976	2023-04-19 19:38:18.807
35.95232148	2023-04-19 19:38:18.858
33.14041032	2023-04-19 19:38:18.909
34.331485439999994	2023-04-19 19:38:18.959
34.718605079999996	2023-04-19 19:38:19.015
32.75818608	2023-04-19 19:38:19.067
34.006986000000005	2023-04-19 19:38:19.235
35.01368196	2023-04-19 19:38:19.313
32.190096360000005	2023-04-19 19:38:19.364
32.74462572	2023-04-19 19:38:19.416
32.635951080000005	2023-04-19 19:38:19.468
33.02860236	2023-04-19 19:38:19.523
32.52684012	2023-04-19 19:38:19.576
34.98813984	2023-04-19 19:38:19.625
32.423231640000004	2023-04-19 19:38:19.699
32.82961128	2023-04-19 19:38:19.752
35.43078936	2023-04-19 19:38:19.864
35.32751604	2023-04-19 19:38:19.917
32.96432808	2023-04-19 19:38:19.969
36.14597712	2023-04-19 19:38:20.021
34.85854932	2023-04-19 19:38:20.072
32.70599328	2023-04-19 19:38:20.141
34.9044684	2023-04-19 19:38:20.191
36.10056936	2023-04-19 19:38:20.244
34.64066772	2023-04-19 19:38:20.335
32.20737012	2023-04-19 19:38:20.386
85.11374328	2023-04-19 19:38:20.437
