33.34206768000001	2023-04-19 20:50:05.358
34.8175902	2023-04-19 20:50:05.419
35.77633968000001	2023-04-19 20:50:05.470
35.5468818	2023-04-19 20:50:05.526
34.981932719999996	2023-04-19 20:50:05.577
34.920088559999996	2023-04-19 20:50:05.636
35.95545912	2023-04-19 20:50:05.689
37.805148	2023-04-19 20:50:05.748
32.9157444	2023-04-19 20:50:05.799
37.13661311999999	2023-04-19 20:50:05.850
37.54538904	2023-04-19 20:50:05.901
34.085732039999996	2023-04-19 20:50:05.952
33.72385404	2023-04-19 20:50:06.018
36.10090668	2023-04-19 20:50:06.070
36.80300856	2023-04-19 20:50:06.129
33.6946338	2023-04-19 20:50:06.181
34.09531524	2023-04-19 20:50:06.243
36.41234652	2023-04-19 20:50:06.294
35.42721696	2023-04-19 20:50:06.466
36.45485952	2023-04-19 20:50:06.538
33.92985816	2023-04-19 20:50:06.590
34.83499955999999	2023-04-19 20:50:06.641
34.082969160000005	2023-04-19 20:50:06.703
34.55152812	2023-04-19 20:50:06.773
36.7970346	2023-04-19 20:50:06.824
37.25500584	2023-04-19 20:50:06.891
34.29875808	2023-04-19 20:50:06.953
36.66862308	2023-04-19 20:50:07.005
36.60904332	2023-04-19 20:50:07.159
34.44336156000001	2023-04-19 20:50:07.213
36.69905832	2023-04-19 20:50:07.263
37.589485079999996	2023-04-19 20:50:07.315
34.639990080000004	2023-04-19 20:50:07.385
38.020867200000005	2023-04-19 20:50:07.437
38.36021112	2023-04-19 20:50:07.488
35.59536504	2023-04-19 20:50:07.542
36.597335879999996	2023-04-19 20:50:07.595
37.71867096	2023-04-19 20:50:07.658
36.673886519999996	2023-04-19 20:50:07.709
79.91195676	2023-04-19 20:50:07.773
66.36732647999999	2023-04-19 20:50:07.824
87.05053679999999	2023-04-19 20:50:07.893
77.05041852	2023-04-19 20:50:07.944
98.41089768	2023-04-19 20:50:08.006
93.50145744000001	2023-04-19 20:50:08.079
83.02224816	2023-04-19 20:50:08.130
42.28694508	2023-04-19 20:50:08.188
