24.44759532	2023-04-20 00:38:37.419
28.02580848	2023-04-20 00:38:37.524
30.58272564	2023-04-20 00:38:37.616
27.4416264	2023-04-20 00:38:37.710
29.315568239999998	2023-04-20 00:38:37.802
28.21238232	2023-04-20 00:38:37.894
25.46528748	2023-04-20 00:38:37.986
28.792011600000002	2023-04-20 00:38:38.078
28.578310319999996	2023-04-20 00:38:38.169
26.924376600000002	2023-04-20 00:38:38.262
28.49727348	2023-04-20 00:38:38.353
24.774118679999997	2023-04-20 00:38:38.445
27.3285	2023-04-20 00:38:38.543
28.40033916	2023-04-20 00:38:38.636
