25.59099228	2023-04-20 00:38:38.728
28.419570720000003	2023-04-20 00:38:38.833
28.34922864	2023-04-20 00:38:38.925
25.678243680000005	2023-04-20 00:38:39.022
28.47594612	2023-04-20 00:38:39.114
30.743590199999996	2023-04-20 00:38:39.205
24.75937476	2023-04-20 00:38:39.297
28.02847392	2023-04-20 00:38:39.389
27.733029	2023-04-20 00:38:39.481
24.618074519999997	2023-04-20 00:38:39.573
27.848985	2023-04-20 00:38:39.671
26.963516520000002	2023-04-20 00:38:39.762
23.8544694	2023-04-20 00:38:39.859
27.857828280000003	2023-04-20 00:38:39.950
