32.63706492	2023-04-20 01:26:47.111
33.04344972	2023-04-20 01:26:47.202
30.419294519999998	2023-04-20 01:26:47.301
32.24326824	2023-04-20 01:26:47.405
32.4811242	2023-04-20 01:26:47.495
29.387195759999997	2023-04-20 01:26:47.595
34.94546352	2023-04-20 01:26:47.700
33.01071936	2023-04-20 01:26:47.791
30.091691760000003	2023-04-20 01:26:47.891
33.24439356	2023-04-20 01:26:47.983
32.217150360000005	2023-04-20 01:26:48.075
30.473781839999997	2023-04-20 01:26:48.167
32.32903548	2023-04-20 01:26:48.259
32.1670548	2023-04-20 01:26:48.350
30.70235592	2023-04-20 01:26:48.447
32.630112	2023-04-20 01:26:48.539
