31.756150080000005	2023-04-20 01:26:48.633
31.774066919999996	2023-04-20 01:26:48.735
31.83627768	2023-04-20 01:26:48.825
29.24822448	2023-04-20 01:26:48.924
31.34804796	2023-04-20 01:26:49.029
31.962390960000004	2023-04-20 01:26:49.121
30.3624462	2023-04-20 01:26:49.218
32.602380360000005	2023-04-20 01:26:49.310
32.74128276	2023-04-20 01:26:49.401
30.3742518	2023-04-20 01:26:49.493
31.585874039999997	2023-04-20 01:26:49.585
31.93972044	2023-04-20 01:26:49.677
29.61746316	2023-04-20 01:26:49.772
32.90707716	2023-04-20 01:26:49.863
28.71674196	2023-04-20 01:26:49.955
32.02508148	2023-04-20 01:26:50.055
