29.513784360000002	2023-04-20 01:27:46.987
32.630655360000006	2023-04-20 01:27:47.078
30.446247359999997	2023-04-20 01:27:47.170
31.52021604	2023-04-20 01:27:47.271
32.348296319999996	2023-04-20 01:27:47.361
30.963327	2023-04-20 01:27:47.458
31.877642399999996	2023-04-20 01:27:47.550
33.18029088	2023-04-20 01:27:47.642
30.35849592	2023-04-20 01:27:47.734
33.00431052	2023-04-20 01:27:47.826
32.06681496	2023-04-20 01:27:47.918
31.563267120000003	2023-04-20 01:27:48.010
33.557992920000004	2023-04-20 01:27:48.101
29.14019364	2023-04-20 01:27:48.196
31.457766839999998	2023-04-20 01:27:48.298
33.4829586	2023-04-20 01:27:48.390
