29.07345852	2023-04-20 01:27:48.487
32.442865680000004	2023-04-20 01:27:48.592
32.211047519999994	2023-04-20 01:27:48.683
30.481069079999997	2023-04-20 01:27:48.777
33.87112008	2023-04-20 01:27:48.870
34.28728752	2023-04-20 01:27:48.961
29.100045480000002	2023-04-20 01:27:49.053
33.07617492	2023-04-20 01:27:49.147
31.814920320000002	2023-04-20 01:27:49.237
31.453583520000002	2023-04-20 01:27:49.336
33.0856224	2023-04-20 01:27:49.428
29.86604616	2023-04-20 01:27:49.520
31.394608679999997	2023-04-20 01:27:49.621
32.95214844	2023-04-20 01:27:49.711
33.15566472	2023-04-20 01:27:49.811
31.88311044	2023-04-20 01:27:49.903
