31.359621240000003	2023-04-20 01:57:17.070
29.70868728	2023-04-20 01:57:17.160
32.556904319999994	2023-04-20 01:57:17.252
30.50684052	2023-04-20 01:57:17.343
29.021134439999997	2023-04-20 01:57:17.438
32.173432080000005	2023-04-20 01:57:17.530
28.88664924	2023-04-20 01:57:17.621
31.402769159999995	2023-04-20 01:57:17.724
32.2607772	2023-04-20 01:57:17.815
28.426486200000003	2023-04-20 01:57:17.915
29.796342000000003	2023-04-20 01:57:18.020
31.18782504	2023-04-20 01:57:18.111
31.14878856	2023-04-20 01:57:18.206
32.12808732	2023-04-20 01:57:18.298
32.17491552	2023-04-20 01:57:18.392
29.484696720000002	2023-04-20 01:57:18.484
32.64182159999999	2023-04-20 01:57:18.576
32.217695400000004	2023-04-20 01:57:18.668
29.465333280000003	2023-04-20 01:57:18.760
32.332272120000006	2023-04-20 01:57:18.851
29.47717416	2023-04-20 01:57:18.943
31.32105768	2023-04-20 01:57:19.046
31.44943092	2023-04-20 01:57:19.137
