33.26267688	2023-04-20 01:28:47.026
29.536286999999998	2023-04-20 01:28:47.123
31.927237919999996	2023-04-20 01:28:47.215
32.634806520000005	2023-04-20 01:28:47.306
30.433225200000003	2023-04-20 01:28:47.398
32.87130876	2023-04-20 01:28:47.490
31.74069636	2023-04-20 01:28:47.584
31.13934024	2023-04-20 01:28:47.679
32.35963271999999	2023-04-20 01:28:47.771
28.886682240000003	2023-04-20 01:28:47.863
32.12143944	2023-04-20 01:28:47.955
32.36549952	2023-04-20 01:28:48.046
30.15845844	2023-04-20 01:28:48.138
32.90484876	2023-04-20 01:28:48.230
31.43502588	2023-04-20 01:28:48.322
31.24433916	2023-04-20 01:28:48.416
