29.91938592	2023-04-20 01:29:43.906
32.15328912	2023-04-20 01:29:44.001
31.80608304	2023-04-20 01:29:44.093
30.016419839999998	2023-04-20 01:29:44.187
32.203761	2023-04-20 01:29:44.279
27.708666719999997	2023-04-20 01:29:44.371
31.265421359999998	2023-04-20 01:29:44.475
32.47670556	2023-04-20 01:29:44.565
28.621057200000003	2023-04-20 01:29:44.662
31.487827319999994	2023-04-20 01:29:44.767
32.45102844	2023-04-20 01:29:44.858
29.052003	2023-04-20 01:29:44.953
31.778957760000004	2023-04-20 01:29:45.058
32.939196	2023-04-20 01:29:45.149
31.265524079999995	2023-04-20 01:29:45.249
30.789742320000002	2023-04-20 01:29:45.341
