33.30353928	2023-04-20 01:29:45.432
28.653378359999998	2023-04-20 01:29:45.524
33.056097120000004	2023-04-20 01:29:45.616
31.82564964	2023-04-20 01:29:45.708
28.602133679999998	2023-04-20 01:29:45.802
33.356810759999995	2023-04-20 01:29:45.894
28.8867834	2023-04-20 01:29:45.986
31.266162720000004	2023-04-20 01:29:46.086
33.72739572	2023-04-20 01:29:46.177
28.77841524	2023-04-20 01:29:46.274
31.885943040000004	2023-04-20 01:29:46.366
32.13226836	2023-04-20 01:29:46.458
29.39859744	2023-04-20 01:29:46.550
32.66368560000001	2023-04-20 01:29:46.642
31.194843239999997	2023-04-20 01:29:46.733
29.96095668	2023-04-20 01:29:46.831
