30.63761472	2023-04-20 00:41:33.305
27.91042068	2023-04-20 00:41:33.395
25.539545999999998	2023-04-20 00:41:33.492
29.52663852	2023-04-20 00:41:33.594
27.29904516	2023-04-20 00:41:33.686
25.18326492	2023-04-20 00:41:33.780
28.44892584	2023-04-20 00:41:33.883
27.546823919999998	2023-04-20 00:41:33.974
25.55027148	2023-04-20 00:41:34.071
29.10308052	2023-04-20 00:41:34.163
24.73707228	2023-04-20 00:41:34.255
27.897229080000002	2023-04-20 00:41:34.355
29.411183280000003	2023-04-20 00:41:34.446
