28.57190304	2023-04-20 00:41:35.936
27.963627719999998	2023-04-20 00:41:36.028
25.176819480000002	2023-04-20 00:41:36.120
29.06732028	2023-04-20 00:41:36.212
26.33419128	2023-04-20 00:41:36.306
28.11305544	2023-04-20 00:41:36.406
30.25920432	2023-04-20 00:41:36.498
24.65360532	2023-04-20 00:41:36.594
27.91585656	2023-04-20 00:41:36.697
29.527279439999997	2023-04-20 00:41:36.788
26.551905	2023-04-20 00:41:36.885
28.9336476	2023-04-20 00:41:36.987
30.74166228	2023-04-20 00:41:37.079
