30.589875000000003	2023-04-20 01:51:22.803
31.91732352	2023-04-20 01:51:22.894
32.20187051999999	2023-04-20 01:51:22.986
29.85572316	2023-04-20 01:51:23.081
32.055480839999994	2023-04-20 01:51:23.173
31.73698824	2023-04-20 01:51:23.264
28.67301612	2023-04-20 01:51:23.357
31.33580088	2023-04-20 01:51:23.459
30.32256036	2023-04-20 01:51:23.550
27.7718616	2023-04-20 01:51:23.647
30.983502240000004	2023-04-20 01:51:23.739
29.627718719999997	2023-04-20 01:51:23.831
32.036723759999994	2023-04-20 01:51:23.923
32.83919448	2023-04-20 01:51:24.014
30.023101439999998	2023-04-20 01:51:24.109
31.682599919999998	2023-04-20 01:51:24.199
31.14568608	2023-04-20 01:51:24.290
28.02850548	2023-04-20 01:51:24.387
32.034258359999995	2023-04-20 01:51:24.479
28.631889120000004	2023-04-20 01:51:24.573
32.24337084	2023-04-20 01:51:24.679
31.8362784	2023-04-20 01:51:24.770
29.799851519999997	2023-04-20 01:51:24.867
