29.98173528	2023-04-20 00:42:32.664
29.497692719999996	2023-04-20 00:42:32.756
26.008579320000003	2023-04-20 00:42:32.848
30.0774516	2023-04-20 00:42:32.945
29.18199672	2023-04-20 00:42:33.036
25.70891436	2023-04-20 00:42:33.134
29.663410680000002	2023-04-20 00:42:33.225
25.9009158	2023-04-20 00:42:33.317
28.5115092	2023-04-20 00:42:33.415
29.2525434	2023-04-20 00:42:33.506
25.643120640000003	2023-04-20 00:42:33.603
29.492998200000002	2023-04-20 00:42:33.708
29.46158844	2023-04-20 00:42:33.799
25.84396848	2023-04-20 00:42:33.894
