28.310055000000002	2023-04-20 00:42:33.986
29.002576679999997	2023-04-20 00:42:34.077
26.35774104	2023-04-20 00:42:34.169
29.60760564	2023-04-20 00:42:34.262
28.88344416	2023-04-20 00:42:34.353
26.27251572	2023-04-20 00:42:34.448
29.64890436	2023-04-20 00:42:34.539
27.63906444	2023-04-20 00:42:34.631
28.39598568	2023-04-20 00:42:34.730
29.2717068	2023-04-20 00:42:34.820
26.846242799999995	2023-04-20 00:42:34.914
28.58600376	2023-04-20 00:42:35.018
28.194470040000002	2023-04-20 00:42:35.108
25.404390000000003	2023-04-20 00:42:35.205
