32.02993488	2023-04-20 01:31:42.457
33.22077624	2023-04-20 01:31:42.549
30.31807572	2023-04-20 01:31:42.641
32.85744408	2023-04-20 01:31:42.733
31.868733000000002	2023-04-20 01:31:42.824
29.48695896	2023-04-20 01:31:42.916
34.146497759999995	2023-04-20 01:31:43.008
30.128598120000003	2023-04-20 01:31:43.100
32.65568928	2023-04-20 01:31:43.204
32.230214520000004	2023-04-20 01:31:43.294
30.49099032	2023-04-20 01:31:43.393
32.78932968	2023-04-20 01:31:43.498
32.28344928	2023-04-20 01:31:43.590
30.48376896	2023-04-20 01:31:43.687
31.88165928	2023-04-20 01:31:43.779
32.692733520000004	2023-04-20 01:31:43.870
