31.0267896	2023-04-20 01:31:43.962
33.4082976	2023-04-20 01:31:44.055
32.31823428	2023-04-20 01:31:44.146
30.4732728	2023-04-20 01:31:44.243
33.054614519999994	2023-04-20 01:31:44.335
30.368345159999997	2023-04-20 01:31:44.427
32.664396239999995	2023-04-20 01:31:44.526
32.89964904	2023-04-20 01:31:44.618
31.295482560000004	2023-04-20 01:31:44.715
32.67539231999999	2023-04-20 01:31:44.807
32.17022472	2023-04-20 01:31:44.899
29.76800256	2023-04-20 01:31:44.990
33.2388288	2023-04-20 01:31:45.083
32.7947244	2023-04-20 01:31:45.174
33.128434559999995	2023-04-20 01:31:45.266
32.72994708	2023-04-20 01:31:45.358
