28.940225039999998	2023-04-20 00:43:32.266
29.441683080000004	2023-04-20 00:43:32.356
26.020455479999995	2023-04-20 00:43:32.453
29.249572200000003	2023-04-20 00:43:32.558
30.570001800000004	2023-04-20 00:43:32.650
26.12129652	2023-04-20 00:43:32.744
26.9467128	2023-04-20 00:43:32.849
29.551907160000003	2023-04-20 00:43:32.941
25.985804639999998	2023-04-20 00:43:33.035
28.83074532	2023-04-20 00:43:33.140
30.06658968	2023-04-20 00:43:33.232
25.80644904	2023-04-20 00:43:33.329
28.847311440000002	2023-04-20 00:43:33.432
