30.30768528	2023-04-20 00:44:31.603
28.19285172	2023-04-20 00:44:31.700
29.334024720000002	2023-04-20 00:44:31.792
32.5639884	2023-04-20 00:44:31.883
26.51178756	2023-04-20 00:44:31.975
29.294886239999997	2023-04-20 00:44:32.070
29.728528320000002	2023-04-20 00:44:32.161
27.194217959999996	2023-04-20 00:44:32.254
30.36335532	2023-04-20 00:44:32.353
28.268220359999997	2023-04-20 00:44:32.445
27.269223840000002	2023-04-20 00:44:32.539
30.062945280000005	2023-04-20 00:44:32.644
29.239453800000003	2023-04-20 00:44:32.736
27.495035039999998	2023-04-20 00:44:32.830
