30.258457680000003	2023-04-20 01:33:40.747
32.67158304	2023-04-20 01:33:40.839
32.00496924	2023-04-20 01:33:40.930
29.018568719999998	2023-04-20 01:33:41.023
32.8311966	2023-04-20 01:33:41.114
31.2899148	2023-04-20 01:33:41.206
30.42884244	2023-04-20 01:33:41.298
31.979599439999998	2023-04-20 01:33:41.390
33.35468508	2023-04-20 01:33:41.484
33.27263328	2023-04-20 01:33:41.576
31.9179306	2023-04-20 01:33:41.668
29.7958698	2023-04-20 01:33:41.760
32.19643776	2023-04-20 01:33:41.864
31.906659480000002	2023-04-20 01:33:41.954
30.90830076	2023-04-20 01:33:42.048
33.52095024	2023-04-20 01:33:42.140
