29.039485199999998	2023-04-20 00:45:31.066
26.354332080000002	2023-04-20 00:45:31.160
30.07060212	2023-04-20 00:45:31.252
27.50910132	2023-04-20 00:45:31.344
28.670253959999997	2023-04-20 00:45:31.442
30.04685292	2023-04-20 00:45:31.533
26.47430496	2023-04-20 00:45:31.632
28.107253800000002	2023-04-20 00:45:31.732
29.6338944	2023-04-20 00:45:31.823
26.492559	2023-04-20 00:45:31.920
30.406202639999997	2023-04-20 00:45:32.024
30.21898488	2023-04-20 00:45:32.114
26.03850192	2023-04-20 00:45:32.211
29.39347188	2023-04-20 00:45:32.316
