30.647838	2023-04-20 01:34:39.148
33.60651144	2023-04-20 01:34:39.241
30.131738759999998	2023-04-20 01:34:39.332
30.701652839999998	2023-04-20 01:34:39.431
32.946077759999994	2023-04-20 01:34:39.523
30.57415356	2023-04-20 01:34:39.617
31.25827272	2023-04-20 01:34:39.720
32.13253968	2023-04-20 01:34:39.811
30.468618120000002	2023-04-20 01:34:39.906
32.43945900000001	2023-04-20 01:34:39.998
31.766540520000003	2023-04-20 01:34:40.090
30.24091716	2023-04-20 01:34:40.182
32.31921468	2023-04-20 01:34:40.274
31.53917688	2023-04-20 01:34:40.365
30.61548384	2023-04-20 01:34:40.460
31.891614960000002	2023-04-20 01:34:40.551
