31.20259968	2023-04-20 01:34:40.643
31.967488799999998	2023-04-20 01:34:40.735
31.92092664	2023-04-20 01:34:40.827
30.12479172	2023-04-20 01:34:40.919
32.70801636	2023-04-20 01:34:41.011
31.11018972	2023-04-20 01:34:41.105
30.44847504	2023-04-20 01:34:41.197
33.441462	2023-04-20 01:34:41.289
28.73330724	2023-04-20 01:34:41.381
31.108235640000004	2023-04-20 01:34:41.481
32.75895972	2023-04-20 01:34:41.572
29.65089672	2023-04-20 01:34:41.671
32.555387159999995	2023-04-20 01:34:41.777
32.38513956	2023-04-20 01:34:41.868
29.97589848	2023-04-20 01:34:41.962
31.556014440000002	2023-04-20 01:34:42.054
