31.342950959999996	2023-04-20 01:24:51.593
32.26627536	2023-04-20 01:24:51.685
28.74157116	2023-04-20 01:24:51.777
32.26577388	2023-04-20 01:24:51.869
31.161845879999998	2023-04-20 01:24:51.961
31.108399799999997	2023-04-20 01:24:52.060
33.1132176	2023-04-20 01:24:52.152
30.325162080000002	2023-04-20 01:24:52.244
31.4636712	2023-04-20 01:24:52.336
33.111292799999994	2023-04-20 01:24:52.428
30.658430040000002	2023-04-20 01:24:52.520
33.437514	2023-04-20 01:24:52.613
31.474060799999997	2023-04-20 01:24:52.703
30.78232092	2023-04-20 01:24:52.800
33.13680036	2023-04-20 01:24:52.892
29.69833056	2023-04-20 01:24:52.984
31.876056240000004	2023-04-20 01:24:53.076
