28.618226760000002	2023-04-20 00:46:30.561
30.48299172	2023-04-20 00:46:30.651
27.024314399999998	2023-04-20 00:46:30.751
30.46318596	2023-04-20 00:46:30.854
30.60019716	2023-04-20 00:46:30.945
27.846084119999997	2023-04-20 00:46:31.039
29.383450200000002	2023-04-20 00:46:31.143
30.738559079999998	2023-04-20 00:46:31.233
25.90122084	2023-04-20 00:46:31.327
29.04451332	2023-04-20 00:46:31.432
29.80913112	2023-04-20 00:46:31.524
27.62036964	2023-04-20 00:46:31.621
28.245073079999997	2023-04-20 00:46:31.726
