31.9505172	2023-04-20 01:35:39.178
31.569170760000002	2023-04-20 01:35:39.269
29.764631040000005	2023-04-20 01:35:39.366
32.063207999999996	2023-04-20 01:35:39.458
28.81512288	2023-04-20 01:35:39.550
31.775041320000003	2023-04-20 01:35:39.654
31.685533680000002	2023-04-20 01:35:39.744
28.722845640000003	2023-04-20 01:35:39.841
30.99254652	2023-04-20 01:35:39.933
31.942690199999998	2023-04-20 01:35:40.024
29.6421936	2023-04-20 01:35:40.116
31.22797092	2023-04-20 01:35:40.210
30.61288584	2023-04-20 01:35:40.302
30.521925479999997	2023-04-20 01:35:40.397
32.22791784	2023-04-20 01:35:40.489
29.405851679999998	2023-04-20 01:35:40.581
