31.911652319999998	2023-04-20 01:35:40.673
32.12599452	2023-04-20 01:35:40.764
29.579505240000003	2023-04-20 01:35:40.856
32.14242564	2023-04-20 01:35:40.954
30.541459199999995	2023-04-20 01:35:41.045
29.68392324	2023-04-20 01:35:41.144
32.77832916	2023-04-20 01:35:41.234
29.417359679999997	2023-04-20 01:35:41.326
30.86464248	2023-04-20 01:35:41.418
31.961753159999994	2023-04-20 01:35:41.509
29.089622040000002	2023-04-20 01:35:41.601
31.778248679999997	2023-04-20 01:35:41.693
31.317279840000005	2023-04-20 01:35:41.785
28.93452384	2023-04-20 01:35:41.877
31.63786296	2023-04-20 01:35:41.969
29.54094024	2023-04-20 01:35:42.060
