30.130757520000003	2023-04-20 01:23:51.554
31.952307120000004	2023-04-20 01:23:51.647
30.56352936	2023-04-20 01:23:51.737
29.049337559999998	2023-04-20 01:23:51.834
32.369384520000004	2023-04-20 01:23:51.926
30.560150280000002	2023-04-20 01:23:52.020
31.756891440000004	2023-04-20 01:23:52.122
32.94762936	2023-04-20 01:23:52.214
29.15766888	2023-04-20 01:23:52.309
31.3785132	2023-04-20 01:23:52.413
31.71273168	2023-04-20 01:23:52.505
30.85863768	2023-04-20 01:23:52.602
31.5473742	2023-04-20 01:23:52.694
32.574380399999995	2023-04-20 01:23:52.786
30.23339448	2023-04-20 01:23:52.878
32.778865079999996	2023-04-20 01:23:52.970
