31.329255720000006	2023-04-20 00:47:27.399
26.66188848	2023-04-20 00:47:27.496
30.189532319999998	2023-04-20 00:47:27.599
30.580593839999995	2023-04-20 00:47:27.690
27.477995280000002	2023-04-20 00:47:27.787
29.9092338	2023-04-20 00:47:27.890
29.842262520000002	2023-04-20 00:47:27.981
28.004520120000002	2023-04-20 00:47:28.078
29.52025752	2023-04-20 00:47:28.181
30.423642719999997	2023-04-20 00:47:28.272
26.503894680000002	2023-04-20 00:47:28.364
29.61904548	2023-04-20 00:47:28.469
30.1385868	2023-04-20 00:47:28.561
