32.10618876	2023-04-20 01:36:39.229
29.318568720000002	2023-04-20 01:36:39.321
32.4249144	2023-04-20 01:36:39.422
31.70017872	2023-04-20 01:36:39.515
30.747736079999996	2023-04-20 01:36:39.612
32.74378176	2023-04-20 01:36:39.704
28.649902559999994	2023-04-20 01:36:39.796
31.565426640000005	2023-04-20 01:36:39.900
32.07619344	2023-04-20 01:36:39.990
30.555326040000004	2023-04-20 01:36:40.089
31.250579279999997	2023-04-20 01:36:40.181
32.17515084	2023-04-20 01:36:40.273
29.1970098	2023-04-20 01:36:40.365
32.75423736	2023-04-20 01:36:40.459
30.633195960000002	2023-04-20 01:36:40.551
30.180253439999998	2023-04-20 01:36:40.648
