31.053611160000003	2023-04-20 00:48:26.768
29.088845519999996	2023-04-20 00:48:26.860
29.28897972	2023-04-20 00:48:26.955
30.417908639999997	2023-04-20 00:48:27.046
26.8748544	2023-04-20 00:48:27.138
30.18592464	2023-04-20 00:48:27.238
31.128983520000002	2023-04-20 00:48:27.332
26.354670840000004	2023-04-20 00:48:27.426
30.04145304	2023-04-20 00:48:27.530
30.386636760000002	2023-04-20 00:48:27.620
27.832722479999997	2023-04-20 00:48:27.714
30.37128048	2023-04-20 00:48:27.807
30.550672080000002	2023-04-20 00:48:27.898
26.63547828	2023-04-20 00:48:27.990
