30.02188716	2023-04-20 00:48:28.088
30.200327520000002	2023-04-20 00:48:28.179
26.947017119999998	2023-04-20 00:48:28.274
29.419379040000003	2023-04-20 00:48:28.376
28.450309559999997	2023-04-20 00:48:28.467
28.87430088	2023-04-20 00:48:28.562
30.834780600000002	2023-04-20 00:48:28.653
28.209414119999998	2023-04-20 00:48:28.745
30.717913199999998	2023-04-20 00:48:28.848
31.29322188	2023-04-20 00:48:28.939
30.12816108	2023-04-20 00:48:29.034
29.63186832	2023-04-20 00:48:29.127
30.73963776	2023-04-20 00:48:29.217
28.2669708	2023-04-20 00:48:29.309
