30.34729452	2023-04-20 00:49:27.621
26.93186844	2023-04-20 00:49:27.718
29.482300439999996	2023-04-20 00:49:27.822
30.08123016	2023-04-20 00:49:27.912
29.357438879999997	2023-04-20 00:49:28.009
29.670970079999996	2023-04-20 00:49:28.101
31.21568928	2023-04-20 00:49:28.193
27.34516428	2023-04-20 00:49:28.285
29.98473732	2023-04-20 00:49:28.378
33.30772188	2023-04-20 00:49:28.469
28.948020480000004	2023-04-20 00:49:28.563
30.443344319999998	2023-04-20 00:49:28.655
28.770823680000003	2023-04-20 00:49:28.747
29.23135632	2023-04-20 00:49:28.839
30.516866759999996	2023-04-20 00:49:28.930
