31.95247572	2023-04-20 01:39:36.186
32.89216008	2023-04-20 01:39:36.278
29.964394199999997	2023-04-20 01:39:36.370
31.966646279999996	2023-04-20 01:39:36.465
30.85769256	2023-04-20 01:39:36.558
28.70317704	2023-04-20 01:39:36.656
32.74438812	2023-04-20 01:39:36.747
28.881248640000003	2023-04-20 01:39:36.839
31.790358719999993	2023-04-20 01:39:36.946
33.830499	2023-04-20 01:39:37.036
29.76897996	2023-04-20 01:39:37.135
31.224363240000002	2023-04-20 01:39:37.241
32.02882632	2023-04-20 01:39:37.332
31.142610599999998	2023-04-20 01:39:37.429
32.50679904	2023-04-20 01:39:37.521
32.43733392	2023-04-20 01:39:37.612
