26.490024839999997	2023-04-20 00:37:37.921
28.607089800000004	2023-04-20 00:37:38.013
27.876619079999998	2023-04-20 00:37:38.104
25.332823920000003	2023-04-20 00:37:38.196
29.05206672	2023-04-20 00:37:38.288
27.87047868	2023-04-20 00:37:38.380
26.14079868	2023-04-20 00:37:38.472
28.53694788	2023-04-20 00:37:38.574
27.397833119999998	2023-04-20 00:37:38.666
26.7227268	2023-04-20 00:37:38.763
27.51888768	2023-04-20 00:37:38.854
25.37139192	2023-04-20 00:37:38.946
26.36029932	2023-04-20 00:37:39.043
28.39804848	2023-04-20 00:37:39.133
