28.20081288	2023-04-20 00:51:25.409
30.479046	2023-04-20 00:51:25.514
30.5104542	2023-04-20 00:51:25.606
31.13407536	2023-04-20 00:51:25.703
29.745025439999996	2023-04-20 00:51:25.807
31.32432804	2023-04-20 00:51:25.897
28.543662480000002	2023-04-20 00:51:25.996
30.5467548	2023-04-20 00:51:26.100
30.612341640000004	2023-04-20 00:51:26.190
27.581707080000005	2023-04-20 00:51:26.287
31.10873928	2023-04-20 00:51:26.390
29.932677839999997	2023-04-20 00:51:26.481
27.695137080000002	2023-04-20 00:51:26.573
30.045806519999996	2023-04-20 00:51:26.678
