31.63303656	2023-04-20 01:41:34.668
30.77219508	2023-04-20 01:41:34.762
31.917253799999997	2023-04-20 01:41:34.854
29.11502772	2023-04-20 01:41:34.948
31.7300046	2023-04-20 01:41:35.055
32.14974516	2023-04-20 01:41:35.145
30.82506852	2023-04-20 01:41:35.244
31.621669439999998	2023-04-20 01:41:35.336
33.32637852	2023-04-20 01:41:35.428
30.254984999999998	2023-04-20 01:41:35.520
32.327074679999996	2023-04-20 01:41:35.613
31.4916066	2023-04-20 01:41:35.703
29.9654736	2023-04-20 01:41:35.801
32.34111096	2023-04-20 01:41:35.892
29.87660604	2023-04-20 01:41:35.986
30.06635136	2023-04-20 01:41:36.083
