31.7394468	2023-04-20 00:52:22.232
28.05306936	2023-04-20 00:52:22.329
30.472464839999997	2023-04-20 00:52:22.433
31.42706544	2023-04-20 00:52:22.523
28.0801638	2023-04-20 00:52:22.622
31.312826039999997	2023-04-20 00:52:22.725
31.733646719999996	2023-04-20 00:52:22.816
27.84773544	2023-04-20 00:52:22.913
30.677193120000002	2023-04-20 00:52:23.017
31.165792319999998	2023-04-20 00:52:23.110
27.793382400000002	2023-04-20 00:52:23.206
31.13735016	2023-04-20 00:52:23.314
32.293202640000004	2023-04-20 00:52:23.405
