28.576320959999997	2023-04-20 00:52:23.500
30.290006879999996	2023-04-20 00:52:23.604
30.894534359999998	2023-04-20 00:52:23.694
27.504070320000004	2023-04-20 00:52:23.788
30.698916960000002	2023-04-20 00:52:23.880
31.795152120000004	2023-04-20 00:52:23.972
28.142039519999997	2023-04-20 00:52:24.064
31.927675679999997	2023-04-20 00:52:24.156
32.1223164	2023-04-20 00:52:24.248
30.19270524	2023-04-20 00:52:24.340
31.2186966	2023-04-20 00:52:24.431
29.04582804	2023-04-20 00:52:24.523
30.65498724	2023-04-20 00:52:24.615
31.58891052	2023-04-20 00:52:24.707
28.122942239999997	2023-04-20 00:52:24.799
