32.39455116	2023-04-20 02:16:56.104
33.523177200000006	2023-04-20 02:16:56.196
31.79629668	2023-04-20 02:16:56.288
29.48331456	2023-04-20 02:16:56.384
32.78986872	2023-04-20 02:16:56.474
29.34677484	2023-04-20 02:16:56.568
32.69587043999999	2023-04-20 02:16:56.674
32.7280896	2023-04-20 02:16:56.765
30.78535884	2023-04-20 02:16:56.862
30.91221432	2023-04-20 02:16:56.954
32.403764040000006	2023-04-20 02:16:57.045
30.428906159999997	2023-04-20 02:16:57.137
32.878736159999995	2023-04-20 02:16:57.231
30.47850636	2023-04-20 02:16:57.323
28.39463652	2023-04-20 02:16:57.421
32.00048532	2023-04-20 02:16:57.512
29.9989086	2023-04-20 02:16:57.604
32.249815680000005	2023-04-20 02:16:57.706
32.28918648	2023-04-20 02:16:57.795
29.38780212	2023-04-20 02:16:57.895
32.12018916	2023-04-20 02:16:57.987
32.870535239999995	2023-04-20 02:16:58.079
31.812323160000002	2023-04-20 02:16:58.171
