32.93959704	2023-04-20 01:15:58.591
32.78524764	2023-04-20 01:15:58.682
31.96445304	2023-04-20 01:15:58.776
33.09375144	2023-04-20 01:15:58.868
29.631058799999998	2023-04-20 01:15:58.960
31.49477724	2023-04-20 01:15:59.059
32.55480924	2023-04-20 01:15:59.151
30.62196072	2023-04-20 01:15:59.251
33.06679272	2023-04-20 01:15:59.343
32.5079796	2023-04-20 01:15:59.434
30.675500640000003	2023-04-20 01:15:59.527
32.37231828	2023-04-20 01:15:59.619
30.102015599999998	2023-04-20 01:15:59.710
