30.7875828	2023-04-20 01:42:31.533
33.455461559999996	2023-04-20 01:42:31.625
29.48645148	2023-04-20 01:42:31.717
32.323130400000004	2023-04-20 01:42:31.809
32.74560168	2023-04-20 01:42:31.900
30.76089768	2023-04-20 01:42:31.992
33.22091196	2023-04-20 01:42:32.084
30.73461492	2023-04-20 01:42:32.176
30.511533599999996	2023-04-20 01:42:32.273
32.417085959999994	2023-04-20 01:42:32.365
28.9388796	2023-04-20 01:42:32.459
32.2736652	2023-04-20 01:42:32.551
32.822761799999995	2023-04-20 01:42:32.643
30.01226736	2023-04-20 01:42:32.735
32.196807959999994	2023-04-20 01:42:32.828
31.265656680000003	2023-04-20 01:42:32.918
