29.29090464	2023-04-20 01:42:33.015
32.62589712	2023-04-20 01:42:33.119
31.9182312	2023-04-20 01:42:33.209
30.55111056	2023-04-20 01:42:33.309
31.5398868	2023-04-20 01:42:33.401
29.98109448	2023-04-20 01:42:33.495
31.794510479999996	2023-04-20 01:42:33.587
32.686123079999994	2023-04-20 01:42:33.679
29.56179456	2023-04-20 01:42:33.771
31.92888996	2023-04-20 01:42:33.863
31.915263719999995	2023-04-20 01:42:33.954
30.78323088	2023-04-20 01:42:34.049
31.874066160000005	2023-04-20 01:42:34.141
28.212550320000002	2023-04-20 01:42:34.232
31.312991639999996	2023-04-20 01:42:34.332
33.3404508	2023-04-20 01:42:34.424
