31.876426560000006	2023-04-20 01:43:29.970
32.325658680000004	2023-04-20 01:43:30.062
30.502050839999995	2023-04-20 01:43:30.156
32.2955652	2023-04-20 01:43:30.262
31.596094320000002	2023-04-20 01:43:30.353
29.434697879999998	2023-04-20 01:43:30.450
32.334936840000005	2023-04-20 01:43:30.553
32.93527728	2023-04-20 01:43:30.643
30.75289608	2023-04-20 01:43:30.743
31.63466004	2023-04-20 01:43:30.833
32.89361496	2023-04-20 01:43:30.924
30.235682999999998	2023-04-20 01:43:31.016
33.205256520000006	2023-04-20 01:43:31.108
32.04336636000001	2023-04-20 01:43:31.200
29.78234016	2023-04-20 01:43:31.294
