32.38574448	2023-04-20 01:43:31.386
29.159798400000003	2023-04-20 01:43:31.478
31.33519368	2023-04-20 01:43:31.579
32.65153824	2023-04-20 01:43:31.669
28.914012839999994	2023-04-20 01:43:31.766
31.4970042	2023-04-20 01:43:31.871
31.98857628	2023-04-20 01:43:31.963
31.48992168	2023-04-20 01:43:32.062
31.922514239999998	2023-04-20 01:43:32.154
32.631330719999994	2023-04-20 01:43:32.246
30.621084479999997	2023-04-20 01:43:32.338
33.567708720000006	2023-04-20 01:43:32.431
31.515495239999996	2023-04-20 01:43:32.521
30.52813116	2023-04-20 01:43:32.619
32.74482588	2023-04-20 01:43:32.710
31.2265872	2023-04-20 01:43:32.802
