32.729069280000004	2023-04-20 01:16:57.471
30.588728160000002	2023-04-20 01:16:57.565
32.79040464	2023-04-20 01:16:57.655
32.13267312	2023-04-20 01:16:57.746
32.1806826	2023-04-20 01:16:57.844
33.20913624	2023-04-20 01:16:57.935
31.599365399999996	2023-04-20 01:16:58.029
32.23054656	2023-04-20 01:16:58.119
33.00167879999999	2023-04-20 01:16:58.211
30.9314736	2023-04-20 01:16:58.303
32.71965779999999	2023-04-20 01:16:58.396
30.403368599999997	2023-04-20 01:16:58.486
31.269842999999998	2023-04-20 01:16:58.584
33.71835600000001	2023-04-20 01:16:58.675
