30.564472199999997	2023-04-20 01:16:58.767
33.153637800000006	2023-04-20 01:16:58.871
33.71015208	2023-04-20 01:16:58.961
30.16982628	2023-04-20 01:16:59.058
33.97716012	2023-04-20 01:16:59.166
34.145453520000004	2023-04-20 01:16:59.257
29.6763684	2023-04-20 01:16:59.354
32.94762936	2023-04-20 01:16:59.459
32.71510272	2023-04-20 01:16:59.550
31.05860328	2023-04-20 01:16:59.645
32.34637368	2023-04-20 01:16:59.737
32.85693888	2023-04-20 01:16:59.829
30.21956436	2023-04-20 01:16:59.921
