31.59440628	2023-04-20 00:54:22.681
28.34494416	2023-04-20 00:54:22.775
31.182793200000003	2023-04-20 00:54:22.878
31.205301839999997	2023-04-20 00:54:22.969
28.351484160000002	2023-04-20 00:54:23.069
30.495876720000002	2023-04-20 00:54:23.172
30.09523644	2023-04-20 00:54:23.263
28.203001559999997	2023-04-20 00:54:23.359
30.565343999999996	2023-04-20 00:54:23.464
31.621433279999998	2023-04-20 00:54:23.553
28.964283000000002	2023-04-20 00:54:23.650
30.69378996	2023-04-20 00:54:23.743
31.543056720000003	2023-04-20 00:54:23.834
28.520114879999994	2023-04-20 00:54:23.926
