31.78992468	2023-04-20 01:25:48.704
32.497181399999995	2023-04-20 01:25:48.795
28.746160799999995	2023-04-20 01:25:48.887
32.66290836	2023-04-20 01:25:48.979
32.400492119999996	2023-04-20 01:25:49.071
30.296615759999998	2023-04-20 01:25:49.163
32.84644728	2023-04-20 01:25:49.266
30.5735142	2023-04-20 01:25:49.357
28.949939399999998	2023-04-20 01:25:49.454
32.05794012	2023-04-20 01:25:49.546
30.19948356	2023-04-20 01:25:49.637
31.2081	2023-04-20 01:25:49.740
33.3901776	2023-04-20 01:25:49.831
31.33077276	2023-04-20 01:25:49.926
32.6340606	2023-04-20 01:25:50.018
32.89540272	2023-04-20 01:25:50.109
