31.279559640000002	2023-04-20 01:53:21.004
32.5413456	2023-04-20 01:53:21.095
29.37403644	2023-04-20 01:53:21.187
32.36772792	2023-04-20 01:53:21.280
30.280724279999998	2023-04-20 01:53:21.371
29.227915800000005	2023-04-20 01:53:21.470
32.193165840000006	2023-04-20 01:53:21.562
30.51406032	2023-04-20 01:53:21.654
32.55895812	2023-04-20 01:53:21.759
33.485356440000004	2023-04-20 01:53:21.850
31.600817999999997	2023-04-20 01:53:21.947
31.326861600000004	2023-04-20 01:53:22.039
32.55933072	2023-04-20 01:53:22.131
30.14172288	2023-04-20 01:53:22.223
32.51648256000001	2023-04-20 01:53:22.315
30.55987896	2023-04-20 01:53:22.407
30.23882436	2023-04-20 01:53:22.501
31.663706400000006	2023-04-20 01:53:22.593
28.807159560000002	2023-04-20 01:53:22.685
31.361645040000003	2023-04-20 01:53:22.788
32.615744279999994	2023-04-20 01:53:22.879
29.510510999999997	2023-04-20 01:53:22.978
31.966543559999998	2023-04-20 01:53:23.070
