32.30521284	2023-04-20 01:44:31.393
32.97273216000001	2023-04-20 01:44:31.484
29.408823719999997	2023-04-20 01:44:31.576
32.19421152	2023-04-20 01:44:31.669
32.239692	2023-04-20 01:44:31.760
30.842783640000004	2023-04-20 01:44:31.854
32.75305536	2023-04-20 01:44:31.946
29.109863280000003	2023-04-20 01:44:32.038
32.04900384	2023-04-20 01:44:32.144
32.635412880000004	2023-04-20 01:44:32.234
29.332439400000002	2023-04-20 01:44:32.334
31.419775920000003	2023-04-20 01:44:32.426
32.0356728	2023-04-20 01:44:32.518
29.28621456	2023-04-20 01:44:32.610
32.69429028	2023-04-20 01:44:32.702
30.2706066	2023-04-20 01:44:32.795
29.19734784	2023-04-20 01:44:32.888
