30.21827664	2023-04-20 01:25:50.201
32.167356960000006	2023-04-20 01:25:50.293
31.721261639999998	2023-04-20 01:25:50.385
31.012885920000002	2023-04-20 01:25:50.480
35.789532	2023-04-20 01:25:50.571
29.49212112	2023-04-20 01:25:50.663
32.89499496	2023-04-20 01:25:50.755
32.17218336	2023-04-20 01:25:50.847
29.11634328	2023-04-20 01:25:50.939
32.71246944	2023-04-20 01:25:51.031
31.937121720000004	2023-04-20 01:25:51.122
28.912728840000003	2023-04-20 01:25:51.215
32.69620476	2023-04-20 01:25:51.306
29.8704978	2023-04-20 01:25:51.398
30.783568919999997	2023-04-20 01:25:51.499
32.04701304	2023-04-20 01:25:51.589
