33.20235576	2023-04-20 01:17:57.442
31.43478828	2023-04-20 01:17:57.534
32.82556368	2023-04-20 01:17:57.628
34.03202064	2023-04-20 01:17:57.720
30.890482920000004	2023-04-20 01:17:57.817
33.792479639999996	2023-04-20 01:17:57.909
29.8335894	2023-04-20 01:17:58.000
32.50008444	2023-04-20 01:17:58.105
32.62316496	2023-04-20 01:17:58.197
31.855242359999995	2023-04-20 01:17:58.294
32.72022972	2023-04-20 01:17:58.386
33.13278648	2023-04-20 01:17:58.478
31.083373319999996	2023-04-20 01:17:58.570
