32.89776084	2023-04-20 01:17:58.662
31.809186959999998	2023-04-20 01:17:58.753
29.646236640000005	2023-04-20 01:17:58.851
33.010011719999994	2023-04-20 01:17:58.942
30.42870756	2023-04-20 01:17:59.034
31.186508760000002	2023-04-20 01:17:59.132
33.40768668	2023-04-20 01:17:59.223
29.6395896	2023-04-20 01:17:59.320
32.30558472	2023-04-20 01:17:59.412
31.679832479999995	2023-04-20 01:17:59.503
32.0866866	2023-04-20 01:17:59.595
33.70421399999999	2023-04-20 01:17:59.688
30.922167719999997	2023-04-20 01:17:59.779
29.722182479999997	2023-04-20 01:17:59.879
