32.82863088	2023-04-20 00:55:19.694
29.44630416	2023-04-20 00:55:19.786
30.776582999999995	2023-04-20 00:55:19.878
32.501470319999996	2023-04-20 00:55:19.970
30.22904328	2023-04-20 00:55:20.062
35.0719134	2023-04-20 00:55:20.154
32.17781412	2023-04-20 00:55:20.245
30.41487288	2023-04-20 00:55:20.338
31.25000352	2023-04-20 00:55:20.437
32.10109248	2023-04-20 00:55:20.529
30.30029604	2023-04-20 00:55:20.621
31.941948959999994	2023-04-20 00:55:20.712
29.95983828	2023-04-20 00:55:20.804
31.034007120000002	2023-04-20 00:55:20.896
