31.456655279999996	2023-04-20 00:55:20.988
29.046333960000005	2023-04-20 00:55:21.080
33.264197759999995	2023-04-20 00:55:21.172
30.76467612	2023-04-20 00:55:21.263
31.083131280000003	2023-04-20 00:55:21.358
32.97539544	2023-04-20 00:55:21.450
29.19140832	2023-04-20 00:55:21.542
29.940440400000004	2023-04-20 00:55:21.634
33.13204368	2023-04-20 00:55:21.725
29.4805824	2023-04-20 00:55:21.817
31.5009852	2023-04-20 00:55:21.909
31.830375600000004	2023-04-20 00:55:22.003
30.09985152	2023-04-20 00:55:22.096
32.68618752	2023-04-20 00:55:22.187
27.839776559999997	2023-04-20 00:55:22.279
