32.340197280000005	2023-04-20 02:21:52.376
31.771432920000002	2023-04-20 02:21:52.468
30.122463599999996	2023-04-20 02:21:52.560
33.0153786	2023-04-20 02:21:52.652
31.165964040000002	2023-04-20 02:21:52.743
29.935916040000002	2023-04-20 02:21:52.838
31.87976736	2023-04-20 02:21:52.930
30.885153480000003	2023-04-20 02:21:53.021
31.73418936	2023-04-20 02:21:53.114
32.66095272	2023-04-20 02:21:53.205
29.73359088	2023-04-20 02:21:53.297
32.15352072	2023-04-20 02:21:53.389
31.14646332	2023-04-20 02:21:53.481
30.374959320000002	2023-04-20 02:21:53.573
32.90042556	2023-04-20 02:21:53.664
29.02342284	2023-04-20 02:21:53.756
31.146294720000004	2023-04-20 02:21:53.859
32.37987467999999	2023-04-20 02:21:53.950
29.525826	2023-04-20 02:21:54.050
30.81909444	2023-04-20 02:21:54.155
32.30278056	2023-04-20 02:21:54.246
31.9670166	2023-04-20 02:21:54.341
32.273160000000004	2023-04-20 02:21:54.433
