30.61565016	2023-04-20 01:18:56.027
29.645765160000003	2023-04-20 01:18:56.122
33.04412136	2023-04-20 01:18:56.213
29.9066328	2023-04-20 01:18:56.305
31.178445720000003	2023-04-20 01:18:56.403
31.891678680000002	2023-04-20 01:18:56.494
30.171042840000002	2023-04-20 01:18:56.591
32.19394164	2023-04-20 01:18:56.683
32.570667	2023-04-20 01:18:56.775
29.163070320000003	2023-04-20 01:18:56.868
32.28270876	2023-04-20 01:18:56.962
30.6613308	2023-04-20 01:18:57.053
31.84410612	2023-04-20 01:18:57.147
