33.44864736	2023-04-20 02:22:50.382
31.52439924	2023-04-20 02:22:50.474
34.347378479999996	2023-04-20 02:22:50.568
31.291704840000005	2023-04-20 02:22:50.660
29.3812248	2023-04-20 02:22:50.757
32.92040292	2023-04-20 02:22:50.849
30.08207568	2023-04-20 02:22:50.940
32.36246676	2023-04-20 02:22:51.033
32.483451599999995	2023-04-20 02:22:51.124
29.2055466	2023-04-20 02:22:51.216
31.34943168	2023-04-20 02:22:51.312
31.592961839999997	2023-04-20 02:22:51.405
28.781523000000004	2023-04-20 02:22:51.499
32.11512876	2023-04-20 02:22:51.591
28.877503079999997	2023-04-20 02:22:51.683
31.573323360000003	2023-04-20 02:22:51.783
32.44539396	2023-04-20 02:22:51.874
29.55413112	2023-04-20 02:22:51.974
32.34451704	2023-04-20 02:22:52.078
32.604946080000005	2023-04-20 02:22:52.170
31.0255056	2023-04-20 02:22:52.265
32.74739088	2023-04-20 02:22:52.357
32.88312108	2023-04-20 02:22:52.448
