30.20943852	2023-04-20 00:56:20.578
31.940566679999996	2023-04-20 00:56:20.670
32.04876696	2023-04-20 00:56:20.762
28.768295399999996	2023-04-20 00:56:20.854
31.019772839999998	2023-04-20 00:56:20.946
31.579024439999998	2023-04-20 00:56:21.038
29.509295879999996	2023-04-20 00:56:21.130
31.475916719999997	2023-04-20 00:56:21.221
29.31850128	2023-04-20 00:56:21.313
31.510870439999998	2023-04-20 00:56:21.416
32.55282216	2023-04-20 00:56:21.507
28.218998759999998	2023-04-20 00:56:21.602
32.36597628	2023-04-20 00:56:21.706
31.729464120000003	2023-04-20 00:56:21.798
27.77486136	2023-04-20 00:56:21.892
