29.075821800000003	2023-04-20 02:23:50.454
32.695299240000004	2023-04-20 02:23:50.546
31.337724240000004	2023-04-20 02:23:50.638
31.81924092	2023-04-20 02:23:50.730
32.28244044	2023-04-20 02:23:50.821
30.488594640000002	2023-04-20 02:23:50.914
33.41976744	2023-04-20 02:23:51.006
29.874547800000002	2023-04-20 02:23:51.097
30.891834359999997	2023-04-20 02:23:51.197
31.835437440000003	2023-04-20 02:23:51.288
29.216747279999996	2023-04-20 02:23:51.383
32.22970788	2023-04-20 02:23:51.488
32.91470244	2023-04-20 02:23:51.579
29.449208640000002	2023-04-20 02:23:51.674
31.588032000000002	2023-04-20 02:23:51.766
32.854509480000004	2023-04-20 02:23:51.857
31.316739480000003	2023-04-20 02:23:51.949
32.75282004	2023-04-20 02:23:52.042
31.335027359999998	2023-04-20 02:23:52.133
30.799190520000003	2023-04-20 02:23:52.228
32.54033892	2023-04-20 02:23:52.319
29.424006119999998	2023-04-20 02:23:52.411
31.92636024	2023-04-20 02:23:52.516
