32.7835266	2023-04-20 01:19:54.717
26.740030439999998	2023-04-20 01:19:54.809
32.58335196	2023-04-20 01:19:54.901
31.933112280000003	2023-04-20 01:19:54.992
30.34122072	2023-04-20 01:19:55.085
32.394587040000005	2023-04-20 01:19:55.185
31.449634800000002	2023-04-20 01:19:55.276
29.12103252	2023-04-20 01:19:55.373
31.892418480000003	2023-04-20 01:19:55.464
28.59933324	2023-04-20 01:19:55.556
33.063825120000004	2023-04-20 01:19:55.660
32.557375799999996	2023-04-20 01:19:55.750
29.629810800000005	2023-04-20 01:19:55.845
