32.257740719999994	2023-04-20 01:47:28.497
33.0664854	2023-04-20 01:47:28.586
30.3676728	2023-04-20 01:47:28.686
31.806319079999998	2023-04-20 01:47:28.791
33.06844548	2023-04-20 01:47:28.882
28.77554592	2023-04-20 01:47:28.979
31.91651244	2023-04-20 01:47:29.084
33.252053999999994	2023-04-20 01:47:29.173
30.404178840000004	2023-04-20 01:47:29.270
31.77436896	2023-04-20 01:47:29.377
32.94709116000001	2023-04-20 01:47:29.469
30.930598800000002	2023-04-20 01:47:29.566
31.71961332	2023-04-20 01:47:29.658
32.874783719999996	2023-04-20 01:47:29.750
29.31941196	2023-04-20 01:47:29.842
