31.71718248	2023-04-20 02:24:48.488
30.546118439999997	2023-04-20 02:24:48.585
32.28163092	2023-04-20 02:24:48.677
31.617283679999996	2023-04-20 02:24:48.769
32.1395856	2023-04-20 02:24:48.872
32.902959120000006	2023-04-20 02:24:48.962
29.70268476	2023-04-20 02:24:49.062
30.346822200000002	2023-04-20 02:24:49.152
32.726810879999995	2023-04-20 02:24:49.243
30.975711240000003	2023-04-20 02:24:49.335
32.87984628	2023-04-20 02:24:49.427
30.565315560000002	2023-04-20 02:24:49.519
28.771498320000003	2023-04-20 02:24:49.618
32.301333119999995	2023-04-20 02:24:49.710
29.231794800000003	2023-04-20 02:24:49.802
32.24046708	2023-04-20 02:24:49.895
33.0008004	2023-04-20 02:24:49.986
29.97896868	2023-04-20 02:24:50.078
32.888787840000006	2023-04-20 02:24:50.170
31.88115408	2023-04-20 02:24:50.261
31.398657000000004	2023-04-20 02:24:50.353
33.04951968	2023-04-20 02:24:50.445
30.87915096	2023-04-20 02:24:50.537
