30.89669232	2023-04-20 02:25:48.540
33.15410928	2023-04-20 02:25:48.629
30.951621120000002	2023-04-20 02:25:48.721
28.96765908	2023-04-20 02:25:48.818
31.83914928	2023-04-20 02:25:48.910
31.018895160000003	2023-04-20 02:25:49.002
33.283023	2023-04-20 02:25:49.094
33.54270924	2023-04-20 02:25:49.185
30.749457839999998	2023-04-20 02:25:49.277
32.18915052	2023-04-20 02:25:49.371
32.57606688	2023-04-20 02:25:49.463
29.35544652	2023-04-20 02:25:49.556
31.908784440000005	2023-04-20 02:25:49.647
30.515379599999996	2023-04-20 02:25:49.741
31.419067679999994	2023-04-20 02:25:49.831
32.67474996	2023-04-20 02:25:49.923
30.0249192	2023-04-20 02:25:50.015
32.833929479999995	2023-04-20 02:25:50.107
31.78695264	2023-04-20 02:25:50.198
32.2412436	2023-04-20 02:25:50.295
33.72462456	2023-04-20 02:25:50.387
30.14077692	2023-04-20 02:25:50.481
32.892434400000006	2023-04-20 02:25:50.586
